 1 0.333919 680 669 13416 13485 1529 1471
 2 0.615461 688 661 13409 13492 1528 1472
 3 0.930684 668 681 13429 13472 1528 1472
 4 1.26622 664 685 13435 13466 1526 1474
 5 1.55184 678 671 13422 13479 1525 1475
 6 1.84121 682 667 13418 13483 1525 1475
 7 2.15607 678 671 13422 13479 1525 1475
 8 2.48311 676 673 13423 13478 1526 1474
 9 2.7856 688 661 13411 13490 1526 1474
 10 3.08794 666 683 13434 13467 1525 1475
 11 3.372 668 681 13433 13468 1524 1476
 12 3.65102 658 691 13444 13457 1523 1477
 13 3.99156 666 683 13435 13466 1524 1476
 14 4.33152 654 695 13446 13455 1525 1475
 15 4.63281 670 679 13430 13471 1525 1475
 16 4.95278 666 683 13434 13467 1525 1475
 17 5.26662 666 683 13433 13468 1526 1474
 18 5.57183 664 685 13435 13466 1526 1474
 19 5.86451 668 681 13430 13471 1527 1473
 20 6.17365 672 677 13425 13476 1528 1472
 21 6.46742 656 693 13440 13461 1529 1471
 22 6.77312 666 683 13430 13471 1529 1471
 23 7.06657 692 657 13403 13498 1530 1470
 24 7.39429 676 673 13421 13480 1528 1472
 25 7.69987 686 663 13413 13488 1526 1474
 26 8.00031 682 667 13418 13483 1525 1475
 27 8.30098 654 695 13447 13454 1524 1476
 28 8.59242 676 673 13425 13476 1524 1476
 29 8.86138 698 651 13405 13496 1522 1478
 30 9.11877 688 661 13415 13486 1522 1478
 31 9.38458 686 663 13416 13485 1523 1477
 32 9.68277 696 653 13407 13494 1522 1478
 33 9.95785 694 655 13413 13488 1518 1482
 34 10.2217 682 667 13425 13476 1518 1482
 35 10.5131 684 665 13423 13478 1518 1482
 36 10.8243 684 665 13423 13478 1518 1482
 37 11.1308 696 653 13413 13488 1516 1484
 38 11.4082 712 637 13399 13502 1514 1486
 39 11.6997 704 645 13406 13495 1515 1485
 40 11.9887 704 645 13406 13495 1515 1485
 41 12.298 714 635 13395 13506 1516 1484
 42 12.6209 684 665 13425 13476 1516 1484
 43 12.9062 674 675 13435 13466 1516 1484
 44 13.2509 686 663 13423 13478 1516 1484
 45 13.5433 684 665 13424 13477 1517 1483
 46 13.8188 678 671 13431 13470 1516 1484
 47 14.1506 682 667 13427 13474 1516 1484
 48 14.4542 664 685 13444 13457 1517 1483
 49 14.7389 662 687 13446 13455 1517 1483
 50 14.9983 676 673 13431 13470 1518 1482
 51 15.3129 696 653 13412 13489 1517 1483
 52 15.6224 712 637 13397 13504 1516 1484
 53 15.9308 672 677 13436 13465 1517 1483
 54 16.2193 664 685 13444 13457 1517 1483
 55 16.5257 670 679 13438 13463 1517 1483
 56 16.8317 668 681 13440 13461 1517 1483
 57 17.107 672 677 13437 13464 1516 1484
 58 17.4054 650 699 13460 13441 1515 1485
 59 17.7019 654 695 13456 13445 1515 1485
 60 17.9746 652 697 13457 13444 1516 1484
 61 18.2724 644 705 13465 13436 1516 1484
 62 18.5965 660 689 13449 13452 1516 1484
 63 18.9065 664 685 13444 13457 1517 1483
 64 19.1851 674 675 13434 13467 1517 1483
 65 19.4551 688 661 13421 13480 1516 1484
 66 19.7596 690 659 13416 13485 1519 1481
 67 20.0327 684 665 13423 13478 1518 1482
 68 20.3422 682 667 13424 13477 1519 1481
 69 20.618 684 665 13421 13480 1520 1480
 70 20.88 670 679 13435 13466 1520 1480
 71 21.1701 662 687 13443 13458 1520 1480
 72 21.4462 656 693 13450 13451 1519 1481
 73 21.7384 658 691 13447 13454 1520 1480
 74 22.0312 666 683 13440 13461 1519 1481
 75 22.2946 668 681 13436 13465 1521 1479
 76 22.601 684 665 13420 13481 1521 1479
 77 22.9109 690 659 13415 13486 1520 1480
 78 23.1983 688 661 13419 13482 1518 1482
 79 23.4899 688 661 13419 13482 1518 1482
 80 23.8184 686 663 13420 13481 1519 1481
 81 24.1316 692 657 13414 13487 1519 1481
 82 24.4179 702 647 13404 13497 1519 1481
 83 24.6655 696 653 13409 13492 1520 1480
 84 24.9284 684 665 13421 13480 1520 1480
 85 25.2229 680 669 13425 13476 1520 1480
 86 25.5345 676 673 13429 13472 1520 1480
 87 25.8217 678 671 13426 13475 1521 1479
 88 26.1161 676 673 13428 13473 1521 1479
 89 26.421 670 679 13432 13469 1523 1477
 90 26.695 684 665 13417 13484 1524 1476
 91 26.9653 688 661 13411 13490 1526 1474
 92 27.2443 678 671 13421 13480 1526 1474
 93 27.543 672 677 13425 13476 1528 1472
 94 27.8564 668 681 13429 13472 1528 1472
 95 28.1115 672 677 13425 13476 1528 1472
 96 28.4294 678 671 13420 13481 1527 1473
 97 28.7008 650 699 13449 13452 1526 1474
 98 29.0026 666 683 13434 13467 1525 1475
 99 29.3274 664 685 13437 13464 1524 1476
 100 29.65 670 679 13432 13469 1523 1477
 101 29.9329 650 699 13452 13449 1523 1477
 102 30.266 652 697 13451 13450 1522 1478
 103 30.5419 656 693 13445 13456 1524 1476
 104 30.8332 674 675 13426 13475 1525 1475
 105 31.1047 672 677 13430 13471 1523 1477
 106 31.412 674 675 13428 13473 1523 1477
 107 31.7176 680 669 13422 13479 1523 1477
 108 32.0369 662 687 13439 13462 1524 1476
 109 32.3208 644 705 13457 13444 1524 1476
 110 32.63 660 689 13441 13460 1524 1476
 111 32.9399 656 693 13446 13455 1523 1477
 112 33.2607 670 679 13433 13468 1522 1478
 113 33.5705 674 675 13429 13472 1522 1478
 114 33.8788 670 679 13434 13467 1521 1479
 115 34.1634 680 669 13424 13477 1521 1479
 116 34.4938 684 665 13420 13481 1521 1479
 117 34.8095 694 655 13409 13492 1522 1478
 118 35.1337 704 645 13398 13503 1523 1477
 119 35.4029 702 647 13401 13500 1522 1478
 120 35.6696 712 637 13390 13511 1523 1477
 121 35.9276 678 671 13424 13477 1523 1477
 122 36.2616 662 687 13440 13461 1523 1477
 123 36.5649 666 683 13438 13463 1521 1479
 124 36.8614 672 677 13432 13469 1521 1479
 125 37.112 688 661 13415 13486 1522 1478
 126 37.3711 712 637 13388 13513 1525 1475
 127 37.6572 698 651 13403 13498 1524 1476
 128 37.9601 664 685 13433 13468 1528 1472
 129 38.2312 680 669 13417 13484 1528 1472
 130 38.5074 690 659 13408 13493 1527 1473
 131 38.8252 670 679 13429 13472 1526 1474
 132 39.0999 650 699 13449 13452 1526 1474
 133 39.3952 686 663 13414 13487 1525 1475
 134 39.698 670 679 13430 13471 1525 1475
 135 40.008 704 645 13395 13506 1526 1474
 136 40.2362 704 645 13396 13505 1525 1475
 137 40.518 700 649 13399 13502 1526 1474
 138 40.7808 686 663 13413 13488 1526 1474
 139 41.0852 668 681 13431 13470 1526 1474
 140 41.3792 656 693 13444 13457 1525 1475
 141 41.6808 658 691 13445 13456 1522 1478
 142 41.9962 658 691 13447 13454 1520 1480
 143 42.282 640 709 13466 13435 1519 1481
 144 42.5853 656 693 13450 13451 1519 1481
 145 42.8977 680 669 13426 13475 1519 1481
 146 43.2176 660 689 13445 13456 1520 1480
 147 43.5131 654 695 13451 13450 1520 1480
 148 43.7916 684 665 13423 13478 1518 1482
 149 44.0632 692 657 13418 13483 1515 1485
 150 44.3733 696 653 13414 13487 1515 1485
 151 44.6595 684 665 13429 13472 1512 1488
 152 44.9195 708 641 13406 13495 1511 1489
 153 45.2226 690 659 13425 13476 1510 1490
 154 45.5038 670 679 13446 13455 1509 1491
 155 45.8253 670 679 13447 13454 1508 1492
 156 46.0924 680 669 13436 13465 1509 1491
 157 46.3777 694 655 13423 13478 1508 1492
 158 46.6389 676 673 13441 13460 1508 1492
 159 46.9342 690 659 13426 13475 1509 1491
 160 47.2487 684 665 13432 13469 1509 1491
 161 47.5468 702 647 13412 13489 1511 1489
 162 47.8521 704 645 13408 13493 1513 1487
 163 48.1407 692 657 13419 13482 1514 1486
 164 48.4477 684 665 13426 13475 1515 1485
 165 48.7256 682 667 13429 13472 1514 1486
 166 49.0047 684 665 13425 13476 1516 1484
 167 49.2505 654 695 13454 13447 1517 1483
 168 49.545 682 667 13426 13475 1517 1483
 169 49.8561 684 665 13424 13477 1517 1483
 170 50.1495 678 671 13429 13472 1518 1482
 171 50.4768 676 673 13436 13465 1513 1487
 172 50.8097 660 689 13451 13450 1514 1486
 173 51.096 664 685 13447 13454 1514 1486
 174 51.387 698 651 13413 13488 1514 1486
 175 51.6615 720 629 13391 13510 1514 1486
 176 51.9461 722 627 13388 13513 1515 1485
 177 52.265 702 647 13408 13493 1515 1485
 178 52.5314 688 661 13423 13478 1514 1486
 179 52.8185 686 663 13424 13477 1515 1485
 180 53.1269 674 675 13435 13466 1516 1484
 181 53.4494 668 681 13441 13460 1516 1484
 182 53.71 656 693 13454 13447 1515 1485
 183 54.0002 662 687 13448 13453 1515 1485
 184 54.2874 674 675 13434 13467 1517 1483
 185 54.5704 694 655 13414 13487 1517 1483
 186 54.8198 682 667 13426 13475 1517 1483
 187 55.1438 690 659 13417 13484 1518 1482
 188 55.4357 680 669 13426 13475 1519 1481
 189 55.7381 682 667 13423 13478 1520 1480
 190 56.0339 676 673 13429 13472 1520 1480
 191 56.3198 666 683 13439 13462 1520 1480
 192 56.6079 666 683 13440 13461 1519 1481
 193 56.9241 670 679 13437 13464 1518 1482
 194 57.2159 666 683 13440 13461 1519 1481
 195 57.5214 672 677 13434 13467 1519 1481
 196 57.8404 678 671 13431 13470 1516 1484
 197 58.1413 658 691 13452 13449 1515 1485
 198 58.4134 672 677 13439 13462 1514 1486
 199 58.7077 682 667 13429 13472 1514 1486
 200 59.0363 674 675 13437 13464 1514 1486
 201 59.313 676 673 13435 13466 1514 1486
 202 59.6032 688 661 13423 13478 1514 1486
 203 59.86 686 663 13426 13475 1513 1487
 204 60.1292 688 661 13421 13480 1516 1484
 205 60.4324 694 655 13414 13487 1517 1483
 206 60.7252 692 657 13417 13484 1516 1484
 207 61.0256 704 645 13404 13497 1517 1483
 208 61.3235 700 649 13408 13493 1517 1483
 209 61.6005 698 651 13408 13493 1519 1481
 210 61.8635 690 659 13418 13483 1517 1483
 211 62.1549 688 661 13421 13480 1516 1484
 212 62.452 678 671 13431 13470 1516 1484
 213 62.7359 680 669 13430 13471 1515 1485
 214 63.0779 662 687 13448 13453 1515 1485
 215 63.3754 680 669 13430 13471 1515 1485
 216 63.6746 688 661 13423 13478 1514 1486
 217 63.9616 686 663 13425 13476 1514 1486
 218 64.2539 660 689 13451 13450 1514 1486
 219 64.5578 656 693 13456 13445 1513 1487
 220 64.85 668 681 13442 13459 1515 1485
 221 65.1406 662 687 13449 13452 1514 1486
 222 65.4072 680 669 13430 13471 1515 1485
 223 65.7207 660 689 13449 13452 1516 1484
 224 66.0311 664 685 13445 13456 1516 1484
 225 66.3232 662 687 13448 13453 1515 1485
 226 66.5786 684 665 13426 13475 1515 1485
 227 66.9049 654 695 13456 13445 1515 1485
 228 67.1849 664 685 13445 13456 1516 1484
 229 67.4897 672 677 13437 13464 1516 1484
 230 67.81 688 661 13421 13480 1516 1484
 231 68.0717 676 673 13434 13467 1515 1485
 232 68.3443 670 679 13439 13462 1516 1484
 233 68.6362 666 683 13442 13459 1517 1483
 234 68.9237 668 681 13441 13460 1516 1484
 235 69.2164 666 683 13444 13457 1515 1485
 236 69.4952 658 691 13452 13449 1515 1485
 237 69.8165 658 691 13453 13448 1514 1486
 238 70.0961 650 699 13462 13439 1513 1487
 239 70.4113 644 705 13467 13434 1514 1486
 240 70.7128 654 695 13455 13446 1516 1484
 241 70.9938 666 683 13445 13456 1514 1486
 242 71.2672 676 673 13435 13466 1514 1486
 243 71.5584 678 671 13432 13469 1515 1485
 244 71.8513 678 671 13431 13470 1516 1484
 245 72.1405 672 677 13436 13465 1517 1483
 246 72.4222 674 675 13433 13468 1518 1482
 247 72.7092 670 679 13436 13465 1519 1481
 248 73.0071 658 691 13446 13455 1521 1479
 249 73.2763 670 679 13433 13468 1522 1478
 250 73.5795 662 687 13442 13459 1521 1479
 251 73.884 664 685 13438 13463 1523 1477
 252 74.1845 668 681 13436 13465 1521 1479
 253 74.4838 666 683 13437 13464 1522 1478
 254 74.7785 652 697 13451 13450 1522 1478
 255 75.0827 652 697 13451 13450 1522 1478
 256 75.3613 672 677 13431 13470 1522 1478
 257 75.6697 672 677 13430 13471 1523 1477
 258 75.9732 670 679 13433 13468 1522 1478
 259 76.2797 668 681 13435 13466 1522 1478
 260 76.5703 660 689 13443 13458 1522 1478
 261 76.8553 678 671 13425 13476 1522 1478
 262 77.1521 676 673 13428 13473 1521 1479
 263 77.4621 680 669 13423 13478 1522 1478
 264 77.7559 678 671 13424 13477 1523 1477
 265 78.0745 674 675 13427 13474 1524 1476
 266 78.3782 660 689 13440 13461 1525 1475
 267 78.6456 632 717 13470 13431 1523 1477
 268 78.9262 644 705 13457 13444 1524 1476
 269 79.2236 662 687 13439 13462 1524 1476
 270 79.5408 650 699 13449 13452 1526 1474
 271 79.8563 664 685 13435 13466 1526 1474
 272 80.1578 670 679 13429 13472 1526 1474
 273 80.4501 662 687 13435 13466 1528 1472
 274 80.7437 686 663 13411 13490 1528 1472
 275 81.0574 648 701 13446 13455 1531 1469
 276 81.361 680 669 13414 13487 1531 1469
 277 81.6607 672 677 13423 13478 1530 1470
 278 81.9299 668 681 13426 13475 1531 1469
 279 82.2144 670 679 13424 13477 1531 1469
 280 82.5094 668 681 13427 13474 1530 1470
 281 82.8523 686 663 13409 13492 1530 1470
 282 83.1708 670 679 13425 13476 1530 1470
 283 83.4487 656 693 13438 13463 1531 1469
 284 83.7087 664 685 13429 13472 1532 1468
 285 83.9769 672 677 13420 13481 1533 1467
 286 84.2818 680 669 13411 13490 1534 1466
 287 84.5699 690 659 13403 13498 1532 1468
 288 84.8765 708 641 13384 13517 1533 1467
 289 85.1904 698 651 13394 13507 1533 1467
 290 85.5114 696 653 13396 13505 1533 1467
 291 85.8254 686 663 13405 13496 1534 1466
 292 86.1196 678 671 13414 13487 1533 1467
 293 86.4199 688 661 13404 13497 1533 1467
 294 86.7012 696 653 13397 13504 1532 1468
 295 87.0117 698 651 13395 13506 1532 1468
 296 87.276 676 673 13417 13484 1532 1468
 297 87.5643 672 677 13421 13480 1532 1468
 298 87.8448 678 671 13414 13487 1533 1467
 299 88.1473 692 657 13402 13499 1531 1469
 300 88.4308 682 667 13412 13489 1531 1469
 301 88.6977 678 671 13416 13485 1531 1469
 302 88.9725 662 687 13432 13469 1531 1469
 303 89.2374 678 671 13414 13487 1533 1467
 304 89.5398 682 667 13408 13493 1535 1465
 305 89.786 688 661 13402 13499 1535 1465
 306 90.0554 676 673 13415 13486 1534 1466
 307 90.3967 694 655 13398 13503 1533 1467
 308 90.7416 676 673 13417 13484 1532 1468
 309 91.0406 694 655 13398 13503 1533 1467
 310 91.3254 670 679 13423 13478 1532 1468
 311 91.5967 680 669 13413 13488 1532 1468
 312 91.8508 666 683 13426 13475 1533 1467
 313 92.1475 674 675 13420 13481 1531 1469
 314 92.4347 656 693 13438 13463 1531 1469
 315 92.7208 670 679 13424 13477 1531 1469
 316 93.0348 666 683 13429 13472 1530 1470
 317 93.3228 660 689 13436 13465 1529 1471
 318 93.6497 660 689 13436 13465 1529 1471
 319 93.9419 650 699 13447 13454 1528 1472
 320 94.2367 680 669 13417 13484 1528 1472
 321 94.5826 676 673 13421 13480 1528 1472
 322 94.8604 680 669 13417 13484 1528 1472
 323 95.134 700 649 13396 13505 1529 1471
 324 95.4064 676 673 13421 13480 1528 1472
 325 95.6974 694 655 13403 13498 1528 1472
 326 95.9789 700 649 13396 13505 1529 1471
 327 96.2505 684 665 13411 13490 1530 1470
 328 96.5186 656 693 13439 13462 1530 1470
 329 96.7805 652 697 13441 13460 1532 1468
 330 97.0655 666 683 13427 13474 1532 1468
 331 97.3282 674 675 13421 13480 1530 1470
 332 97.5821 678 671 13417 13484 1530 1470
 333 97.8653 690 659 13405 13496 1530 1470
 334 98.1328 678 671 13416 13485 1531 1469
 335 98.4496 670 679 13424 13477 1531 1469
 336 98.7581 660 689 13433 13468 1532 1468
 337 99.0279 642 707 13451 13450 1532 1468
 338 99.2864 656 693 13436 13465 1533 1467
 339 99.6003 656 693 13437 13464 1532 1468
 340 99.8849 672 677 13421 13480 1532 1468
 341 100.195 678 671 13414 13487 1533 1467
 342 100.497 682 667 13410 13491 1533 1467
 343 100.75 688 661 13403 13498 1534 1466
 344 101.031 698 651 13395 13506 1532 1468
 345 101.334 684 665 13405 13496 1536 1464
 346 101.65 664 685 13428 13473 1533 1467
 347 101.941 670 679 13421 13480 1534 1466
 348 102.27 678 671 13411 13490 1536 1464
 349 102.534 668 681 13419 13482 1538 1462
 350 102.874 676 673 13412 13489 1537 1463
 351 103.137 662 687 13426 13475 1537 1463
 352 103.408 668 681 13420 13481 1537 1463
 353 103.738 660 689 13428 13473 1537 1463
 354 104.025 662 687 13424 13477 1539 1461
 355 104.353 662 687 13424 13477 1539 1461
 356 104.634 652 697 13435 13466 1538 1462
 357 104.924 672 677 13414 13487 1539 1461
 358 105.235 686 663 13400 13501 1539 1461
 359 105.508 698 651 13388 13513 1539 1461
 360 105.811 666 683 13421 13480 1538 1462
 361 106.087 654 695 13433 13468 1538 1462
 362 106.418 646 703 13442 13459 1537 1463
 363 106.686 652 697 13434 13467 1539 1461
 364 106.994 674 675 13411 13490 1540 1460
 365 107.254 688 661 13398 13503 1539 1461
 366 107.562 680 669 13406 13495 1539 1461
 367 107.853 680 669 13407 13494 1538 1462
 368 108.134 672 677 13417 13484 1536 1464
 369 108.447 670 679 13417 13484 1538 1462
 370 108.752 668 681 13419 13482 1538 1462
 371 109.041 686 663 13402 13499 1537 1463
 372 109.326 686 663 13402 13499 1537 1463
 373 109.599 670 679 13419 13482 1536 1464
 374 109.867 684 665 13406 13495 1535 1465
 375 110.141 656 693 13432 13469 1537 1463
 376 110.441 670 679 13420 13481 1535 1465
 377 110.719 666 683 13423 13478 1536 1464
 378 110.993 666 683 13424 13477 1535 1465
 379 111.274 672 677 13419 13482 1534 1466
 380 111.567 678 671 13415 13486 1532 1468
 381 111.873 690 659 13402 13499 1533 1467
 382 112.175 692 657 13400 13501 1533 1467
 383 112.456 694 655 13399 13502 1532 1468
 384 112.786 700 649 13393 13508 1532 1468
 385 113.098 698 651 13393 13508 1534 1466
 386 113.361 680 669 13410 13491 1535 1465
 387 113.667 664 685 13424 13477 1537 1463
 388 113.948 666 683 13422 13479 1537 1463
 389 114.205 658 691 13430 13471 1537 1463
 390 114.523 670 679 13419 13482 1536 1464
 391 114.793 676 673 13412 13489 1537 1463
 392 115.056 666 683 13421 13480 1538 1462
 393 115.322 676 673 13409 13492 1540 1460
 394 115.607 680 669 13406 13495 1539 1461
 395 115.918 668 681 13418 13483 1539 1461
 396 116.212 680 669 13405 13496 1540 1460
 397 116.508 678 671 13407 13494 1540 1460
 398 116.801 654 695 13430 13471 1541 1459
 399 117.111 656 693 13428 13473 1541 1459
 400 117.391 668 681 13415 13486 1542 1458
 401 117.687 688 661 13396 13505 1541 1459
 402 117.97 672 677 13412 13489 1541 1459
 403 118.233 686 663 13399 13502 1540 1460
 404 118.484 690 659 13394 13507 1541 1459
 405 118.76 686 663 13397 13504 1542 1458
 406 119.059 674 675 13409 13492 1542 1458
 407 119.357 678 671 13404 13497 1543 1457
 408 119.627 674 675 13410 13491 1541 1459
 409 119.938 678 671 13406 13495 1541 1459
 410 120.219 698 651 13386 13515 1541 1459
 411 120.527 708 641 13378 13523 1539 1461
 412 120.827 708 641 13376 13525 1541 1459
 413 121.119 708 641 13375 13526 1542 1458
 414 121.399 706 643 13378 13523 1541 1459
 415 121.707 704 645 13380 13521 1541 1459
 416 121.989 716 633 13369 13532 1540 1460
 417 122.297 708 641 13376 13525 1541 1459
 418 122.612 692 657 13393 13508 1540 1460
 419 122.911 692 657 13394 13507 1539 1461
 420 123.22 672 677 13414 13487 1539 1461
 421 123.522 662 687 13425 13476 1538 1462
 422 123.822 656 693 13432 13469 1537 1463
 423 124.086 648 701 13439 13462 1538 1462
 424 124.391 650 699 13438 13463 1537 1463
 425 124.693 632 717 13456 13445 1537 1463
 426 124.987 654 695 13433 13468 1538 1462
 427 125.264 668 681 13422 13479 1535 1465
 428 125.531 654 695 13438 13463 1533 1467
 429 125.838 668 681 13423 13478 1534 1466
 430 126.131 676 673 13414 13487 1535 1465
 431 126.44 678 671 13411 13490 1536 1464
 432 126.713 676 673 13413 13488 1536 1464
 433 126.992 682 667 13408 13493 1535 1465
 434 127.245 690 659 13399 13502 1536 1464
 435 127.54 680 669 13408 13493 1537 1463
 436 127.843 664 685 13426 13475 1535 1465
 437 128.138 670 679 13421 13480 1534 1466
 438 128.434 650 699 13438 13463 1537 1463
 439 128.695 662 687 13424 13477 1539 1461
 440 128.99 674 675 13413 13488 1538 1462
 441 129.303 662 687 13427 13474 1536 1464
 442 129.604 676 673 13414 13487 1535 1465
 443 129.921 690 659 13402 13499 1533 1467
 444 130.245 688 661 13403 13498 1534 1466
 445 130.516 692 657 13398 13503 1535 1465
 446 130.831 694 655 13396 13505 1535 1465
 447 131.112 704 645 13384 13517 1537 1463
 448 131.397 712 637 13375 13526 1538 1462
 449 131.68 708 641 13379 13522 1538 1462
 450 131.968 712 637 13376 13525 1537 1463
 451 132.248 696 653 13391 13510 1538 1462
 452 132.532 676 673 13413 13488 1536 1464
 453 132.779 678 671 13411 13490 1536 1464
 454 133.062 680 669 13410 13491 1535 1465
 455 133.346 650 699 13441 13460 1534 1466
 456 133.667 666 683 13425 13476 1534 1466
 457 133.963 660 689 13431 13470 1534 1466
 458 134.251 668 681 13422 13479 1535 1465
 459 134.55 662 687 13428 13473 1535 1465
 460 134.826 658 691 13434 13467 1533 1467
 461 135.125 666 683 13429 13472 1530 1470
 462 135.412 662 687 13434 13467 1529 1471
 463 135.718 676 673 13420 13481 1529 1471
 464 136.033 670 679 13425 13476 1530 1470
 465 136.349 668 681 13429 13472 1528 1472
 466 136.629 648 701 13449 13452 1528 1472
 467 136.902 664 685 13433 13468 1528 1472
 468 137.166 656 693 13442 13459 1527 1473
 469 137.457 662 687 13437 13464 1526 1474
 470 137.746 664 685 13435 13466 1526 1474
 471 138.065 686 663 13413 13488 1526 1474
 472 138.336 686 663 13413 13488 1526 1474
 473 138.648 668 681 13432 13469 1525 1475
 474 138.94 678 671 13422 13479 1525 1475
 475 139.202 684 665 13416 13485 1525 1475
 476 139.463 688 661 13412 13489 1525 1475
 477 139.729 690 659 13409 13492 1526 1474
 478 140.004 684 665 13415 13486 1526 1474
 479 140.33 690 659 13410 13491 1525 1475
 480 140.602 692 657 13408 13493 1525 1475
 481 140.902 672 677 13427 13474 1526 1474
 482 141.199 674 675 13425 13476 1526 1474
 483 141.486 676 673 13423 13478 1526 1474
 484 141.766 698 651 13400 13501 1527 1473
 485 142.082 688 661 13410 13491 1527 1473
 486 142.395 674 675 13423 13478 1528 1472
 487 142.659 662 687 13435 13466 1528 1472
 488 142.963 674 675 13422 13479 1529 1471
 489 143.25 682 667 13418 13483 1525 1475
 490 143.55 694 655 13407 13494 1524 1476
 491 143.864 680 669 13420 13481 1525 1475
 492 144.153 686 663 13415 13486 1524 1476
 493 144.444 674 675 13427 13474 1524 1476
 494 144.736 666 683 13435 13466 1524 1476
 495 145.014 680 669 13423 13478 1522 1478
 496 145.291 688 661 13415 13486 1522 1478
 497 145.577 668 681 13435 13466 1522 1478
 498 145.888 662 687 13443 13458 1520 1480
 499 146.197 676 673 13429 13472 1520 1480
 500 146.468 676 673 13430 13471 1519 1481
 501 146.746 678 671 13427 13474 1520 1480
 502 147.059 688 661 13417 13484 1520 1480
 503 147.339 688 661 13419 13482 1518 1482
 504 147.623 672 677 13434 13467 1519 1481
 505 147.91 674 675 13433 13468 1518 1482
 506 148.159 640 709 13469 13432 1516 1484
 507 148.477 640 709 13468 13433 1517 1483
 508 148.771 664 685 13444 13457 1517 1483
 509 149.053 664 685 13445 13456 1516 1484
 510 149.351 656 693 13453 13448 1516 1484
 511 149.599 668 681 13441 13460 1516 1484
 512 149.89 684 665 13425 13476 1516 1484
 513 150.212 674 675 13435 13466 1516 1484
 514 150.52 670 679 13440 13461 1515 1485
 515 150.85 678 671 13432 13469 1515 1485
 516 151.172 678 671 13433 13468 1514 1486
 517 151.434 680 669 13430 13471 1515 1485
 518 151.716 688 661 13420 13481 1517 1483
 519 152.039 674 675 13433 13468 1518 1482
 520 152.287 660 689 13447 13454 1518 1482
 521 152.563 664 685 13443 13458 1518 1482
 522 152.863 662 687 13444 13457 1519 1481
 523 153.152 656 693 13451 13450 1518 1482
 524 153.468 682 667 13424 13477 1519 1481
 525 153.737 682 667 13424 13477 1519 1481
 526 154.037 672 677 13436 13465 1517 1483
 527 154.303 670 679 13440 13461 1515 1485
 528 154.603 684 665 13429 13472 1512 1488
 529 154.9 678 671 13433 13468 1514 1486
 530 155.178 696 653 13413 13488 1516 1484
 531 155.434 698 651 13411 13490 1516 1484
 532 155.726 684 665 13427 13474 1514 1486
 533 156.039 680 669 13432 13469 1513 1487
 534 156.345 670 679 13442 13459 1513 1487
 535 156.625 674 675 13439 13462 1512 1488
 536 156.901 678 671 13435 13466 1512 1488
 537 157.209 656 693 13458 13443 1511 1489
 538 157.527 668 681 13446 13455 1511 1489
 539 157.873 664 685 13450 13451 1511 1489
 540 158.169 682 667 13434 13467 1509 1491
 541 158.454 690 659 13426 13475 1509 1491
 542 158.738 704 645 13413 13488 1508 1492
 543 159.011 692 657 13427 13474 1506 1494
 544 159.349 684 665 13437 13464 1504 1496
 545 159.667 688 661 13433 13468 1504 1496
 546 159.959 678 671 13440 13461 1507 1493
 547 160.236 690 659 13428 13473 1507 1493
 548 160.521 672 677 13446 13455 1507 1493
 549 160.802 652 697 13465 13436 1508 1492
 550 161.12 664 685 13455 13446 1506 1494
 551 161.398 660 689 13459 13442 1506 1494
 552 161.703 652 697 13466 13435 1507 1493
 553 161.979 642 707 13476 13425 1507 1493
 554 162.29 652 697 13467 13434 1506 1494
 555 162.57 644 705 13474 13427 1507 1493
 556 162.855 654 695 13464 13437 1507 1493
 557 163.163 646 703 13472 13429 1507 1493
 558 163.422 658 691 13461 13440 1506 1494
 559 163.744 664 685 13454 13447 1507 1493
 560 164.017 694 655 13423 13478 1508 1492
 561 164.297 700 649 13417 13484 1508 1492
 562 164.599 688 661 13430 13471 1507 1493
 563 164.867 682 667 13436 13465 1507 1493
 564 165.126 684 665 13433 13468 1508 1492
 565 165.378 668 681 13449 13452 1508 1492
 566 165.64 678 671 13440 13461 1507 1493
 567 165.894 692 657 13426 13475 1507 1493
 568 166.19 698 651 13422 13479 1505 1495
 569 166.472 676 673 13442 13459 1507 1493
 570 166.811 676 673 13444 13457 1505 1495
 571 167.068 692 657 13427 13474 1506 1494
 572 167.378 684 665 13434 13467 1507 1493
 573 167.677 678 671 13441 13460 1506 1494
 574 167.943 676 673 13443 13458 1506 1494
 575 168.227 688 661 13430 13471 1507 1493
 576 168.505 686 663 13433 13468 1506 1494
 577 168.785 688 661 13429 13472 1508 1492
 578 169.084 676 673 13441 13460 1508 1492
 579 169.378 682 667 13436 13465 1507 1493
 580 169.66 696 653 13423 13478 1506 1494
 581 169.937 670 679 13447 13454 1508 1492
 582 170.256 674 675 13443 13458 1508 1492
 583 170.529 710 639 13407 13494 1508 1492
 584 170.835 690 659 13427 13474 1508 1492
 585 171.124 686 663 13431 13470 1508 1492
 586 171.431 678 671 13437 13464 1510 1490
 587 171.739 696 653 13420 13481 1509 1491
 588 171.98 698 651 13418 13483 1509 1491
 589 172.247 686 663 13428 13473 1511 1489
 590 172.531 686 663 13428 13473 1511 1489
 591 172.825 662 687 13448 13453 1515 1485
 592 173.097 660 689 13450 13451 1515 1485
 593 173.41 680 669 13429 13472 1516 1484
 594 173.719 698 651 13411 13490 1516 1484
 595 173.953 694 655 13416 13485 1515 1485
 596 174.27 692 657 13417 13484 1516 1484
 597 174.542 688 661 13420 13481 1517 1483
 598 174.84 696 653 13412 13489 1517 1483
 599 175.101 674 675 13435 13466 1516 1484
 600 175.389 668 681 13439 13462 1518 1482
 601 175.69 682 667 13424 13477 1519 1481
 602 175.979 696 653 13410 13491 1519 1481
 603 176.3 698 651 13409 13492 1518 1482
 604 176.596 688 661 13418 13483 1519 1481
 605 176.866 670 679 13437 13464 1518 1482
 606 177.188 688 661 13420 13481 1517 1483
 607 177.453 688 661 13421 13480 1516 1484
 608 177.762 698 651 13412 13489 1515 1485
 609 178.036 690 659 13419 13482 1516 1484
 610 178.326 684 665 13426 13475 1515 1485
 611 178.585 698 651 13413 13488 1514 1486
 612 178.84 694 655 13419 13482 1512 1488
 613 179.093 682 667 13431 13470 1512 1488
 614 179.396 670 679 13443 13458 1512 1488
 615 179.695 684 665 13427 13474 1514 1486
 616 180.005 690 659 13420 13481 1515 1485
 617 180.272 668 681 13443 13458 1514 1486
 618 180.522 680 669 13432 13469 1513 1487
 619 180.802 694 655 13418 13483 1513 1487
 620 181.083 682 667 13431 13470 1512 1488
 621 181.365 680 669 13433 13468 1512 1488
 622 181.653 678 671 13437 13464 1510 1490
 623 181.954 680 669 13434 13467 1511 1489
 624 182.231 676 673 13438 13463 1511 1489
 625 182.498 694 655 13420 13481 1511 1489
 626 182.805 674 675 13439 13462 1512 1488
 627 183.094 672 677 13441 13460 1512 1488
 628 183.377 678 671 13434 13467 1513 1487
 629 183.654 666 683 13445 13456 1514 1486
 630 183.941 674 675 13439 13462 1512 1488
 631 184.271 672 677 13440 13461 1513 1487
 632 184.56 650 699 13462 13439 1513 1487
 633 184.866 638 711 13475 13426 1512 1488
 634 185.139 628 721 13486 13415 1511 1489
 635 185.408 630 719 13484 13417 1511 1489
 636 185.695 640 709 13472 13429 1513 1487
 637 185.981 660 689 13452 13449 1513 1487
 638 186.261 672 677 13439 13462 1514 1486
 639 186.562 670 679 13441 13460 1514 1486
 640 186.836 684 665 13427 13474 1514 1486
 641 187.119 688 661 13425 13476 1512 1488
 642 187.392 682 667 13431 13470 1512 1488
 643 187.671 664 685 13448 13453 1513 1487
 644 187.956 654 695 13459 13442 1512 1488
 645 188.278 652 697 13462 13439 1511 1489
 646 188.543 668 681 13444 13457 1513 1487
 647 188.808 666 683 13446 13455 1513 1487
 648 189.119 658 691 13455 13446 1512 1488
 649 189.436 662 687 13450 13451 1513 1487
 650 189.723 650 699 13463 13438 1512 1488
 651 190.009 668 681 13443 13458 1514 1486
 652 190.312 688 661 13424 13477 1513 1487
 653 190.616 698 651 13414 13487 1513 1487
 654 190.907 680 669 13432 13469 1513 1487
 655 191.156 692 657 13420 13481 1513 1487
 656 191.45 692 657 13419 13482 1514 1486
 657 191.743 676 673 13434 13467 1515 1485
 658 192.006 684 665 13426 13475 1515 1485
 659 192.317 688 661 13422 13479 1515 1485
 660 192.601 686 663 13425 13476 1514 1486
 661 192.873 684 665 13428 13473 1513 1487
 662 193.151 682 667 13430 13471 1513 1487
 663 193.441 708 641 13403 13498 1514 1486
 664 193.721 698 651 13413 13488 1514 1486
 665 193.994 704 645 13405 13496 1516 1484
 666 194.291 706 643 13404 13497 1515 1485
 667 194.551 676 673 13434 13467 1515 1485
 668 194.826 686 663 13425 13476 1514 1486
 669 195.113 674 675 13438 13463 1513 1487
 670 195.381 672 677 13440 13461 1513 1487
 671 195.67 672 677 13438 13463 1515 1485
 672 195.96 670 679 13440 13461 1515 1485
 673 196.261 682 667 13428 13473 1515 1485
 674 196.531 674 675 13435 13466 1516 1484
 675 196.81 688 661 13421 13480 1516 1484
 676 197.106 684 665 13425 13476 1516 1484
 677 197.41 678 671 13431 13470 1516 1484
 678 197.66 678 671 13432 13469 1515 1485
 679 197.956 688 661 13420 13481 1517 1483
 680 198.249 672 677 13437 13464 1516 1484
 681 198.523 660 689 13448 13453 1517 1483
 682 198.78 658 691 13451 13450 1516 1484
 683 199.084 664 685 13448 13453 1513 1487
 684 199.376 662 687 13452 13449 1511 1489
 685 199.628 658 691 13456 13445 1511 1489
 686 199.887 648 701 13465 13436 1512 1488
 687 200.149 644 705 13468 13433 1513 1487
 688 200.453 628 721 13483 13418 1514 1486
 689 200.724 652 697 13458 13443 1515 1485
 690 201.007 648 701 13462 13439 1515 1485
 691 201.307 646 703 13465 13436 1514 1486
 692 201.634 664 685 13446 13455 1515 1485
 693 201.927 656 693 13455 13446 1514 1486
 694 202.222 688 661 13422 13479 1515 1485
 695 202.501 676 673 13432 13469 1517 1483
 696 202.8 678 671 13430 13471 1517 1483
 697 203.122 684 665 13424 13477 1517 1483
 698 203.415 668 681 13439 13462 1518 1482
 699 203.72 678 671 13428 13473 1519 1481
 700 204.009 672 677 13433 13468 1520 1480
 701 204.27 676 673 13430 13471 1519 1481
 702 204.523 678 671 13425 13476 1522 1478
 703 204.82 680 669 13422 13479 1523 1477
 704 205.095 676 673 13426 13475 1523 1477
 705 205.384 668 681 13433 13468 1524 1476
 706 205.677 692 657 13408 13493 1525 1475
 707 205.955 690 659 13410 13491 1525 1475
 708 206.262 664 685 13437 13464 1524 1476
 709 206.58 664 685 13437 13464 1524 1476
 710 206.902 662 687 13440 13461 1523 1477
 711 207.208 638 711 13465 13436 1522 1478
 712 207.499 660 689 13442 13459 1523 1477
 713 207.761 660 689 13441 13460 1524 1476
 714 208.055 668 681 13433 13468 1524 1476
 715 208.322 674 675 13426 13475 1525 1475
 716 208.617 686 663 13414 13487 1525 1475
 717 208.951 678 671 13423 13478 1524 1476
 718 209.229 684 665 13416 13485 1525 1475
 719 209.554 686 663 13413 13488 1526 1474
 720 209.844 700 649 13398 13503 1527 1473
 721 210.123 676 673 13423 13478 1526 1474
 722 210.434 684 665 13415 13486 1526 1474
 723 210.692 696 653 13403 13498 1526 1474
 724 210.971 680 669 13416 13485 1529 1471
 725 211.262 690 659 13406 13495 1529 1471
 726 211.528 702 647 13395 13506 1528 1472
 727 211.792 682 667 13415 13486 1528 1472
 728 212.051 700 649 13398 13503 1527 1473
 729 212.338 684 665 13416 13485 1525 1475
 730 212.644 690 659 13410 13491 1525 1475
 731 212.912 680 669 13419 13482 1526 1474
 732 213.201 676 673 13423 13478 1526 1474
 733 213.482 688 661 13413 13488 1524 1476
 734 213.755 684 665 13418 13483 1523 1477
 735 214.044 688 661 13414 13487 1523 1477
 736 214.345 680 669 13421 13480 1524 1476
 737 214.62 706 643 13395 13506 1524 1476
 738 214.913 694 655 13406 13495 1525 1475
 739 215.206 690 659 13410 13491 1525 1475
 740 215.492 680 669 13420 13481 1525 1475
 741 215.788 680 669 13419 13482 1526 1474
 742 216.09 688 661 13412 13489 1525 1475
 743 216.372 696 653 13404 13497 1525 1475
 744 216.632 672 677 13425 13476 1528 1472
 745 216.904 652 697 13446 13455 1527 1473
 746 217.186 676 673 13423 13478 1526 1474
 747 217.499 686 663 13413 13488 1526 1474
 748 217.812 674 675 13427 13474 1524 1476
 749 218.127 676 673 13425 13476 1524 1476
 750 218.431 670 679 13432 13469 1523 1477
 751 218.76 660 689 13442 13459 1523 1477
 752 219.05 662 687 13440 13461 1523 1477
 753 219.352 664 685 13439 13462 1522 1478
 754 219.648 688 661 13414 13487 1523 1477
 755 219.978 696 653 13410 13491 1519 1481
 756 220.285 690 659 13417 13484 1518 1482
 757 220.573 676 673 13430 13471 1519 1481
 758 220.862 684 665 13422 13479 1519 1481
 759 221.129 668 681 13437 13464 1520 1480
 760 221.391 682 667 13425 13476 1518 1482
 761 221.712 664 685 13443 13458 1518 1482
 762 221.992 664 685 13442 13459 1519 1481
 763 222.278 680 669 13426 13475 1519 1481
 764 222.525 670 679 13436 13465 1519 1481
 765 222.796 678 671 13427 13474 1520 1480
 766 223.051 666 683 13439 13462 1520 1480
 767 223.373 660 689 13444 13457 1521 1479
 768 223.667 666 683 13438 13463 1521 1479
 769 223.958 686 663 13418 13483 1521 1479
 770 224.258 692 657 13412 13489 1521 1479
 771 224.538 688 661 13417 13484 1520 1480
 772 224.835 684 665 13421 13480 1520 1480
 773 225.102 690 659 13417 13484 1518 1482
 774 225.4 692 657 13413 13488 1520 1480
 775 225.639 676 673 13426 13475 1523 1477
 776 225.918 680 669 13423 13478 1522 1478
 777 226.23 692 657 13413 13488 1520 1480
 778 226.501 690 659 13416 13485 1519 1481
 779 226.771 690 659 13416 13485 1519 1481
 780 227.054 680 669 13427 13474 1518 1482
 781 227.343 682 667 13424 13477 1519 1481
 782 227.615 672 677 13434 13467 1519 1481
 783 227.92 668 681 13437 13464 1520 1480
 784 228.197 676 673 13429 13472 1520 1480
 785 228.488 658 691 13447 13454 1520 1480
 786 228.776 654 695 13453 13448 1518 1482
 787 229.085 652 697 13456 13445 1517 1483
 788 229.362 672 677 13434 13467 1519 1481
 789 229.641 674 675 13429 13472 1522 1478
 790 229.938 668 681 13437 13464 1520 1480
 791 230.23 680 669 13426 13475 1519 1481
 792 230.519 682 667 13425 13476 1518 1482
 793 230.827 680 669 13428 13473 1517 1483
 794 231.108 676 673 13432 13469 1517 1483
 795 231.396 644 705 13461 13440 1520 1480
 796 231.675 652 697 13453 13448 1520 1480
 797 231.944 636 713 13470 13431 1519 1481
 798 232.241 654 695 13450 13451 1521 1479
 799 232.509 652 697 13450 13451 1523 1477
 800 232.82 644 705 13458 13443 1523 1477
 801 233.074 654 695 13449 13452 1522 1478
 802 233.359 662 687 13441 13460 1522 1478
 803 233.625 660 689 13442 13459 1523 1477
 804 233.914 654 695 13448 13453 1523 1477
 805 234.2 650 699 13453 13448 1522 1478
 806 234.468 672 677 13430 13471 1523 1477
 807 234.772 680 669 13422 13479 1523 1477
 808 235.074 684 665 13419 13482 1522 1478
 809 235.373 678 671 13427 13474 1520 1480
 810 235.647 688 661 13417 13484 1520 1480
 811 235.95 676 673 13429 13472 1520 1480
 812 236.262 664 685 13439 13462 1522 1478
 813 236.543 656 693 13447 13454 1522 1478
 814 236.823 668 681 13435 13466 1522 1478
 815 237.115 680 669 13422 13479 1523 1477
 816 237.414 682 667 13418 13483 1525 1475
 817 237.696 692 657 13407 13494 1526 1474
 818 237.998 672 677 13428 13473 1525 1475
 819 238.274 672 677 13427 13474 1526 1474
 820 238.561 680 669 13419 13482 1526 1474
 821 238.842 684 665 13415 13486 1526 1474
 822 239.14 678 671 13422 13479 1525 1475
 823 239.416 660 689 13441 13460 1524 1476
 824 239.748 664 685 13437 13464 1524 1476
 825 240.004 648 701 13451 13450 1526 1474
 826 240.321 648 701 13451 13450 1526 1474
 827 240.631 672 677 13426 13475 1527 1473
 828 240.911 660 689 13440 13461 1525 1475
 829 241.194 670 679 13430 13471 1525 1475
 830 241.491 662 687 13438 13463 1525 1475
 831 241.74 676 673 13425 13476 1524 1476
 832 242.048 680 669 13420 13481 1525 1475
 833 242.325 676 673 13423 13478 1526 1474
 834 242.611 688 661 13412 13489 1525 1475
 835 242.919 684 665 13417 13484 1524 1476
 836 243.205 678 671 13422 13479 1525 1475
 837 243.493 658 691 13442 13459 1525 1475
 838 243.78 666 683 13433 13468 1526 1474
 839 244.053 658 691 13440 13461 1527 1473
 840 244.34 668 681 13430 13471 1527 1473
 841 244.648 678 671 13421 13480 1526 1474
 842 244.956 682 667 13416 13485 1527 1473
 843 245.224 688 661 13410 13491 1527 1473
 844 245.527 702 647 13396 13505 1527 1473
 845 245.846 694 655 13404 13497 1527 1473
 846 246.184 678 671 13419 13482 1528 1472
 847 246.485 662 687 13435 13466 1528 1472
 848 246.753 678 671 13420 13481 1527 1473
 849 247.05 678 671 13420 13481 1527 1473
 850 247.34 682 667 13415 13486 1528 1472
 851 247.618 664 685 13434 13467 1527 1473
 852 247.891 672 677 13426 13475 1527 1473
 853 248.171 670 679 13429 13472 1526 1474
 854 248.483 674 675 13424 13477 1527 1473
 855 248.81 658 691 13439 13462 1528 1472
 856 249.101 636 713 13461 13440 1528 1472
 857 249.395 644 705 13455 13446 1526 1474
 858 249.678 664 685 13433 13468 1528 1472
 859 250.023 674 675 13422 13479 1529 1471
 860 250.292 688 661 13408 13493 1529 1471
 861 250.57 652 697 13444 13457 1529 1471
 862 250.877 638 711 13458 13443 1529 1471
 863 251.165 654 695 13444 13457 1527 1473
 864 251.448 684 665 13414 13487 1527 1473
 865 251.752 696 653 13403 13498 1526 1474
 866 252.069 692 657 13407 13494 1526 1474
 867 252.366 688 661 13411 13490 1526 1474
 868 252.695 706 643 13394 13507 1525 1475
 869 253.009 684 665 13417 13484 1524 1476
 870 253.318 704 645 13398 13503 1523 1477
 871 253.6 692 657 13409 13492 1524 1476
 872 253.929 686 663 13415 13486 1524 1476
 873 254.234 708 641 13393 13508 1524 1476
 874 254.552 706 643 13396 13505 1523 1477
 875 254.842 682 667 13420 13481 1523 1477
 876 255.102 672 677 13430 13471 1523 1477
 877 255.402 668 681 13435 13466 1522 1478
 878 255.692 678 671 13427 13474 1520 1480
 879 256.005 692 657 13414 13487 1519 1481
 880 256.305 696 653 13410 13491 1519 1481
 881 256.574 704 645 13401 13500 1520 1480
 882 256.887 696 653 13411 13490 1518 1482
 883 257.184 688 661 13419 13482 1518 1482
 884 257.496 692 657 13415 13486 1518 1482
 885 257.816 682 667 13426 13475 1517 1483
 886 258.102 684 665 13427 13474 1514 1486
 887 258.397 658 691 13452 13449 1515 1485
 888 258.7 664 685 13446 13455 1515 1485
 889 259.006 678 671 13431 13470 1516 1484
 890 259.309 706 643 13403 13498 1516 1484
 891 259.579 698 651 13409 13492 1518 1482
 892 259.864 698 651 13410 13491 1517 1483
 893 260.164 680 669 13429 13472 1516 1484
 894 260.447 666 683 13444 13457 1515 1485
 895 260.766 662 687 13448 13453 1515 1485
 896 261.049 684 665 13428 13473 1513 1487
 897 261.369 692 657 13420 13481 1513 1487
 898 261.653 702 647 13411 13490 1512 1488
 899 261.933 682 667 13432 13469 1511 1489
 900 262.226 694 655 13421 13480 1510 1490
 901 262.525 680 669 13437 13464 1508 1492
 902 262.812 684 665 13433 13468 1508 1492
 903 263.116 692 657 13427 13474 1506 1494
 904 263.425 702 647 13417 13484 1506 1494
 905 263.739 690 659 13428 13473 1507 1493
 906 264.022 678 671 13437 13464 1510 1490
 907 264.36 678 671 13438 13463 1509 1491
 908 264.644 670 679 13446 13455 1509 1491
 909 264.932 696 653 13420 13481 1509 1491
 910 265.233 700 649 13418 13483 1507 1493
 911 265.507 696 653 13424 13477 1505 1495
 912 265.769 696 653 13425 13476 1504 1496
 913 266.029 680 669 13441 13460 1504 1496
 914 266.331 672 677 13449 13452 1504 1496
 915 266.651 678 671 13442 13459 1505 1495
 916 266.926 676 673 13443 13458 1506 1494
 917 267.233 660 689 13459 13442 1506 1494
 918 267.514 648 701 13471 13430 1506 1494
 919 267.832 646 703 13473 13428 1506 1494
 920 268.131 648 701 13470 13431 1507 1493
 921 268.399 640 709 13478 13423 1507 1493
 922 268.682 634 715 13485 13416 1506 1494
 923 268.99 642 707 13476 13425 1507 1493
 924 269.274 640 709 13479 13422 1506 1494
 925 269.612 642 707 13479 13422 1504 1496
 926 269.889 646 703 13475 13426 1504 1496
 927 270.197 650 699 13471 13430 1504 1496
 928 270.49 656 693 13466 13435 1503 1497
 929 270.772 666 683 13455 13446 1504 1496
 930 271.076 668 681 13452 13449 1505 1495
 931 271.364 664 685 13454 13447 1507 1493
 932 271.693 662 687 13456 13445 1507 1493
 933 272.011 660 689 13457 13444 1508 1492
 934 272.235 680 669 13439 13462 1506 1494
 935 272.483 674 675 13446 13455 1505 1495
 936 272.792 668 681 13451 13450 1506 1494
 937 273.073 666 683 13453 13448 1506 1494
 938 273.352 670 679 13449 13452 1506 1494
 939 273.627 686 663 13432 13469 1507 1493
 940 273.94 678 671 13441 13460 1506 1494
 941 274.248 690 659 13430 13471 1505 1495
 942 274.543 672 677 13448 13453 1505 1495
 943 274.826 688 661 13432 13469 1505 1495
 944 275.155 694 655 13428 13473 1503 1497
 945 275.501 670 679 13452 13449 1503 1497
 946 275.813 668 681 13452 13449 1505 1495
 947 276.116 652 697 13467 13434 1506 1494
 948 276.37 664 685 13453 13448 1508 1492
 949 276.679 664 685 13452 13449 1509 1491
 950 276.973 670 679 13446 13455 1509 1491
 951 277.285 678 671 13438 13463 1509 1491
 952 277.592 684 665 13432 13469 1509 1491
 953 277.854 672 677 13443 13458 1510 1490
 954 278.145 664 685 13452 13449 1509 1491
 955 278.459 672 677 13445 13456 1508 1492
 956 278.776 676 673 13442 13459 1507 1493
 957 279.1 670 679 13446 13455 1509 1491
 958 279.416 686 663 13432 13469 1507 1493
 959 279.697 698 651 13423 13478 1504 1496
 960 279.986 686 663 13436 13465 1503 1497
 961 280.288 670 679 13451 13450 1504 1496
 962 280.573 680 669 13442 13459 1503 1497
 963 280.853 682 667 13439 13462 1504 1496
 964 281.129 688 661 13433 13468 1504 1496
 965 281.419 668 681 13451 13450 1506 1494
 966 281.702 654 695 13465 13436 1506 1494
 967 281.984 662 687 13458 13443 1505 1495
 968 282.254 646 703 13473 13428 1506 1494
 969 282.54 660 689 13459 13442 1506 1494
 970 282.838 672 677 13447 13454 1506 1494
 971 283.096 674 675 13444 13457 1507 1493
 972 283.348 674 675 13444 13457 1507 1493
 973 283.634 652 697 13462 13439 1511 1489
 974 283.913 682 667 13434 13467 1509 1491
 975 284.196 664 685 13452 13449 1509 1491
 976 284.467 644 705 13474 13427 1507 1493
 977 284.721 670 679 13448 13453 1507 1493
 978 285.041 694 655 13426 13475 1505 1495
 979 285.386 690 659 13429 13472 1506 1494
 980 285.674 682 667 13437 13464 1506 1494
 981 285.943 680 669 13437 13464 1508 1492
 982 286.213 682 667 13434 13467 1509 1491
 983 286.557 660 689 13456 13445 1509 1491
 984 286.864 650 699 13464 13437 1511 1489
 985 287.159 682 667 13434 13467 1509 1491
 986 287.442 682 667 13433 13468 1510 1490
 987 287.718 678 671 13437 13464 1510 1490
 988 288.006 672 677 13444 13457 1509 1491
 989 288.299 684 665 13432 13469 1509 1491
 990 288.57 676 673 13440 13461 1509 1491
 991 288.898 692 657 13422 13479 1511 1489
 992 289.181 710 639 13404 13497 1511 1489
 993 289.47 702 647 13411 13490 1512 1488
 994 289.766 700 649 13412 13489 1513 1487
 995 290.041 676 673 13436 13465 1513 1487
 996 290.331 708 641 13405 13496 1512 1488
 997 290.626 702 647 13408 13493 1515 1485
 998 290.92 698 651 13413 13488 1514 1486
 999 291.241 684 665 13426 13475 1515 1485
 1000 291.517 670 679 13443 13458 1512 1488
 1001 291.808 668 681 13445 13456 1512 1488
 1002 292.105 674 675 13439 13462 1512 1488
 1003 292.361 672 677 13439 13462 1514 1486
 1004 292.656 656 693 13455 13446 1514 1486
 1005 292.964 662 687 13450 13451 1513 1487
 1006 293.259 676 673 13436 13465 1513 1487
 1007 293.58 684 665 13430 13471 1511 1489
 1008 293.886 694 655 13422 13479 1509 1491
 1009 294.18 708 641 13406 13495 1511 1489
 1010 294.442 702 647 13412 13489 1511 1489
 1011 294.761 690 659 13424 13477 1511 1489
 1012 295.059 686 663 13428 13473 1511 1489
 1013 295.347 678 671 13436 13465 1511 1489
 1014 295.602 672 677 13442 13459 1511 1489
 1015 295.901 660 689 13455 13446 1510 1490
 1016 296.187 648 701 13468 13433 1509 1491
 1017 296.467 670 679 13448 13453 1507 1493
 1018 296.754 664 685 13456 13445 1505 1495
 1019 297.039 632 717 13489 13412 1504 1496
 1020 297.349 622 727 13499 13402 1504 1496
 1021 297.648 638 711 13484 13417 1503 1497
 1022 297.938 642 707 13480 13421 1503 1497
 1023 298.189 660 689 13462 13439 1503 1497
 1024 298.491 646 703 13476 13425 1503 1497
 1025 298.78 646 703 13474 13427 1505 1495
 1026 299.081 666 683 13453 13448 1506 1494
 1027 299.347 666 683 13452 13449 1507 1493
 1028 299.689 698 651 13420 13481 1507 1493
 1029 300.006 678 671 13441 13460 1506 1494
 1030 300.305 660 689 13460 13441 1505 1495
 1031 300.583 678 671 13441 13460 1506 1494
 1032 300.873 670 679 13447 13454 1508 1492
 1033 301.168 686 663 13431 13470 1508 1492
 1034 301.474 670 679 13444 13457 1511 1489
 1035 301.725 654 695 13459 13442 1512 1488
 1036 302.019 660 689 13452 13449 1513 1487
 1037 302.309 658 691 13454 13447 1513 1487
 1038 302.59 660 689 13451 13450 1514 1486
 1039 302.857 672 677 13438 13463 1515 1485
 1040 303.165 648 701 13463 13438 1514 1486
 1041 303.429 662 687 13447 13454 1516 1484
 1042 303.701 670 679 13439 13462 1516 1484
 1043 303.992 684 665 13424 13477 1517 1483
 1044 304.327 688 661 13420 13481 1517 1483
 1045 304.638 684 665 13423 13478 1518 1482
 1046 304.96 674 675 13433 13468 1518 1482
 1047 305.249 668 681 13438 13463 1519 1481
 1048 305.542 678 671 13429 13472 1518 1482
 1049 305.847 674 675 13433 13468 1518 1482
 1050 306.141 680 669 13427 13474 1518 1482
 1051 306.43 684 665 13423 13478 1518 1482
 1052 306.679 672 677 13435 13466 1518 1482
 1053 306.936 686 663 13421 13480 1518 1482
 1054 307.233 692 657 13415 13486 1518 1482
 1055 307.489 698 651 13410 13491 1517 1483
 1056 307.787 688 661 13418 13483 1519 1481
 1057 308.07 714 635 13392 13509 1519 1481
 1058 308.356 690 659 13416 13485 1519 1481
 1059 308.657 680 669 13427 13474 1518 1482
 1060 308.943 690 659 13414 13487 1521 1479
 1061 309.204 690 659 13413 13488 1522 1478
 1062 309.461 666 683 13438 13463 1521 1479
 1063 309.726 666 683 13438 13463 1521 1479
 1064 310.021 666 683 13438 13463 1521 1479
 1065 310.321 668 681 13436 13465 1521 1479
 1066 310.624 680 669 13422 13479 1523 1477
 1067 310.927 694 655 13410 13491 1521 1479
 1068 311.242 666 683 13436 13465 1523 1477
 1069 311.509 670 679 13432 13469 1523 1477
 1070 311.806 670 679 13430 13471 1525 1475
 1071 312.054 666 683 13435 13466 1524 1476
 1072 312.344 670 679 13432 13469 1523 1477
 1073 312.631 666 683 13435 13466 1524 1476
 1074 312.982 666 683 13436 13465 1523 1477
 1075 313.276 670 679 13432 13469 1523 1477
 1076 313.55 664 685 13438 13463 1523 1477
 1077 313.877 656 693 13446 13455 1523 1477
 1078 314.14 680 669 13423 13478 1522 1478
 1079 314.417 686 663 13416 13485 1523 1477
 1080 314.678 690 659 13410 13491 1525 1475
 1081 314.954 672 677 13428 13473 1525 1475
 1082 315.261 664 685 13438 13463 1523 1477
 1083 315.572 660 689 13440 13461 1525 1475
 1084 315.854 690 659 13410 13491 1525 1475
 1085 316.138 676 673 13423 13478 1526 1474
 1086 316.439 666 683 13434 13467 1525 1475
 1087 316.751 664 685 13436 13465 1525 1475
 1088 317.026 678 671 13423 13478 1524 1476
 1089 317.294 678 671 13424 13477 1523 1477
 1090 317.631 680 669 13421 13480 1524 1476
 1091 317.923 682 667 13418 13483 1525 1475
 1092 318.223 674 675 13426 13475 1525 1475
 1093 318.531 664 685 13434 13467 1527 1473
 1094 318.806 684 665 13414 13487 1527 1473
 1095 319.098 688 661 13411 13490 1526 1474
 1096 319.4 674 675 13424 13477 1527 1473
 1097 319.66 676 673 13422 13479 1527 1473
 1098 319.926 676 673 13424 13477 1525 1475
 1099 320.237 676 673 13425 13476 1524 1476
 1100 320.53 678 671 13425 13476 1522 1478
 1101 320.822 672 677 13430 13471 1523 1477
 1102 321.142 656 693 13445 13456 1524 1476
 1103 321.438 662 687 13438 13463 1525 1475
 1104 321.709 662 687 13437 13464 1526 1474
 1105 321.974 670 679 13430 13471 1525 1475
 1106 322.254 682 667 13421 13480 1522 1478
 1107 322.557 698 651 13407 13494 1520 1480
 1108 322.826 684 665 13422 13479 1519 1481
 1109 323.114 688 661 13422 13479 1515 1485
 1110 323.391 684 665 13428 13473 1513 1487
 1111 323.668 670 679 13441 13460 1514 1486
 1112 323.953 684 665 13428 13473 1513 1487
 1113 324.263 688 661 13424 13477 1513 1487
 1114 324.524 668 681 13443 13458 1514 1486
 1115 324.804 692 657 13419 13482 1514 1486
 1116 325.076 702 647 13411 13490 1512 1488
 1117 325.373 700 649 13413 13488 1512 1488
 1118 325.679 702 647 13412 13489 1511 1489
 1119 325.968 692 657 13421 13480 1512 1488
 1120 326.303 684 665 13429 13472 1512 1488
 1121 326.58 672 677 13440 13461 1513 1487
 1122 326.912 690 659 13422 13479 1513 1487
 1123 327.211 690 659 13421 13480 1514 1486
 1124 327.54 678 671 13432 13469 1515 1485
 1125 327.817 654 695 13458 13443 1513 1487
 1126 328.126 652 697 13461 13440 1512 1488
 1127 328.432 658 691 13454 13447 1513 1487
 1128 328.735 662 687 13450 13451 1513 1487
 1129 328.996 674 675 13437 13464 1514 1486
 1130 329.276 680 669 13431 13470 1514 1486
 1131 329.576 708 641 13404 13497 1513 1487
 1132 329.864 704 645 13409 13492 1512 1488
 1133 330.1 716 633 13399 13502 1510 1490
 1134 330.422 714 635 13400 13501 1511 1489
 1135 330.743 688 661 13426 13475 1511 1489
 1136 331.029 698 651 13416 13485 1511 1489
 1137 331.332 684 665 13431 13470 1510 1490
 1138 331.622 688 661 13427 13474 1510 1490
 1139 331.869 682 667 13433 13468 1510 1490
 1140 332.143 684 665 13430 13471 1511 1489
 1141 332.428 678 671 13436 13465 1511 1489
 1142 332.734 678 671 13438 13463 1509 1491
 1143 333.017 660 689 13455 13446 1510 1490
 1144 333.306 670 679 13443 13458 1512 1488
 1145 333.585 660 689 13454 13447 1511 1489
 1146 333.904 652 697 13462 13439 1511 1489
 1147 334.198 664 685 13451 13450 1510 1490
 1148 334.495 700 649 13415 13486 1510 1490
 1149 334.775 662 687 13451 13450 1512 1488
 1150 335.053 658 691 13453 13448 1514 1486
 1151 335.323 662 687 13449 13452 1514 1486
 1152 335.591 660 689 13451 13450 1514 1486
 1153 335.891 660 689 13452 13449 1513 1487
 1154 336.213 658 691 13453 13448 1514 1486
 1155 336.473 674 675 13437 13464 1514 1486
 1156 336.802 674 675 13437 13464 1514 1486
 1157 337.105 676 673 13436 13465 1513 1487
 1158 337.389 680 669 13431 13470 1514 1486
 1159 337.656 676 673 13436 13465 1513 1487
 1160 337.941 686 663 13426 13475 1513 1487
 1161 338.254 658 691 13453 13448 1514 1486
 1162 338.544 670 679 13441 13460 1514 1486
 1163 338.845 676 673 13437 13464 1512 1488
 1164 339.135 670 679 13444 13457 1511 1489
 1165 339.428 678 671 13436 13465 1511 1489
 1166 339.726 678 671 13437 13464 1510 1490
 1167 340.03 656 693 13459 13442 1510 1490
 1168 340.327 662 687 13452 13449 1511 1489
 1169 340.609 656 693 13458 13443 1511 1489
 1170 340.873 684 665 13429 13472 1512 1488
 1171 341.151 690 659 13424 13477 1511 1489
 1172 341.471 682 667 13433 13468 1510 1490
 1173 341.784 680 669 13434 13467 1511 1489
 1174 342.062 676 673 13437 13464 1512 1488
 1175 342.348 676 673 13437 13464 1512 1488
 1176 342.616 670 679 13442 13459 1513 1487
 1177 342.887 666 683 13446 13455 1513 1487
 1178 343.165 682 667 13431 13470 1512 1488
 1179 343.444 676 673 13437 13464 1512 1488
 1180 343.726 660 689 13453 13448 1512 1488
 1181 344.023 674 675 13438 13463 1513 1487
 1182 344.298 686 663 13427 13474 1512 1488
 1183 344.592 672 677 13439 13462 1514 1486
 1184 344.926 674 675 13437 13464 1514 1486
 1185 345.214 674 675 13434 13467 1517 1483
 1186 345.508 674 675 13432 13469 1519 1481
 1187 345.798 682 667 13426 13475 1517 1483
 1188 346.069 676 673 13433 13468 1516 1484
 1189 346.372 678 671 13429 13472 1518 1482
 1190 346.642 664 685 13443 13458 1518 1482
 1191 346.976 672 677 13435 13466 1518 1482
 1192 347.29 678 671 13430 13471 1517 1483
 1193 347.596 690 659 13418 13483 1517 1483
 1194 347.926 672 677 13436 13465 1517 1483
 1195 348.239 686 663 13424 13477 1515 1485
 1196 348.516 690 659 13421 13480 1514 1486
 1197 348.792 686 663 13424 13477 1515 1485
 1198 349.104 660 689 13451 13450 1514 1486
 1199 349.407 682 667 13429 13472 1514 1486
 1200 349.677 676 673 13432 13469 1517 1483
 1201 349.963 676 673 13432 13469 1517 1483
 1202 350.297 672 677 13435 13466 1518 1482
 1203 350.592 662 687 13444 13457 1519 1481
 1204 350.867 686 663 13420 13481 1519 1481
 1205 351.155 658 691 13446 13455 1521 1479
 1206 351.453 664 685 13441 13460 1520 1480
 1207 351.763 678 671 13428 13473 1519 1481
 1208 352.066 670 679 13437 13464 1518 1482
 1209 352.369 662 687 13445 13456 1518 1482
 1210 352.676 658 691 13449 13452 1518 1482
 1211 352.97 686 663 13420 13481 1519 1481
 1212 353.255 670 679 13437 13464 1518 1482
 1213 353.526 666 683 13441 13460 1518 1482
 1214 353.835 662 687 13445 13456 1518 1482
 1215 354.134 674 675 13434 13467 1517 1483
 1216 354.418 668 681 13441 13460 1516 1484
 1217 354.752 680 669 13431 13470 1514 1486
 1218 355.045 682 667 13433 13468 1510 1490
 1219 355.392 668 681 13446 13455 1511 1489
 1220 355.754 676 673 13439 13462 1510 1490
 1221 356.032 664 685 13451 13450 1510 1490
 1222 356.353 660 689 13454 13447 1511 1489
 1223 356.647 664 685 13449 13452 1512 1488
 1224 356.959 666 683 13450 13451 1509 1491
 1225 357.241 674 675 13443 13458 1508 1492
 1226 357.531 680 669 13437 13464 1508 1492
 1227 357.846 676 673 13441 13460 1508 1492
 1228 358.162 672 677 13446 13455 1507 1493
 1229 358.475 688 661 13429 13472 1508 1492
 1230 358.766 678 671 13439 13462 1508 1492
 1231 359.05 680 669 13436 13465 1509 1491
 1232 359.342 662 687 13454 13447 1509 1491
 1233 359.605 680 669 13436 13465 1509 1491
 1234 359.871 674 675 13444 13457 1507 1493
 1235 360.175 664 685 13456 13445 1505 1495
 1236 360.514 680 669 13440 13461 1505 1495
 1237 360.813 672 677 13449 13452 1504 1496
 1238 361.109 668 681 13454 13447 1503 1497
 1239 361.382 666 683 13455 13446 1504 1496
 1240 361.691 670 679 13452 13449 1503 1497
 1241 361.986 658 691 13464 13437 1503 1497
 1242 362.293 656 693 13467 13434 1502 1498
 1243 362.595 638 711 13485 13416 1502 1498
 1244 362.864 642 707 13483 13418 1500 1500
 1245 363.159 642 707 13482 13419 1501 1499
 1246 363.46 664 685 13460 13441 1501 1499
 1247 363.762 664 685 13460 13441 1501 1499
 1248 364.069 648 701 13476 13425 1501 1499
 1249 364.339 672 677 13453 13448 1500 1500
 1250 364.619 650 699 13474 13427 1501 1499
 1251 364.923 654 695 13469 13432 1502 1498
 1252 365.204 668 681 13455 13446 1502 1498
 1253 365.468 660 689 13464 13437 1501 1499
 1254 365.75 672 677 13452 13449 1501 1499
 1255 366.043 678 671 13447 13454 1500 1500
 1256 366.355 690 659 13437 13464 1498 1502
 1257 366.62 680 669 13448 13453 1497 1503
 1258 366.903 676 673 13453 13448 1496 1504
 1259 367.173 674 675 13455 13446 1496 1504
 1260 367.489 680 669 13448 13453 1497 1503
 1261 367.772 670 679 13459 13442 1496 1504
 1262 368.069 658 691 13471 13430 1496 1504
 1263 368.358 682 667 13447 13454 1496 1504
 1264 368.655 686 663 13443 13458 1496 1504
 1265 368.961 676 673 13454 13447 1495 1505
 1266 369.255 682 667 13449 13452 1494 1506
 1267 369.566 686 663 13443 13458 1496 1504
 1268 369.856 662 687 13466 13435 1497 1503
 1269 370.141 664 685 13464 13437 1497 1503
 1270 370.435 670 679 13458 13443 1497 1503
 1271 370.712 670 679 13460 13441 1495 1505
 1272 371.016 658 691 13470 13431 1497 1503
 1273 371.347 662 687 13466 13435 1497 1503
 1274 371.621 672 677 13457 13444 1496 1504
 1275 371.887 662 687 13466 13435 1497 1503
 1276 372.168 668 681 13460 13441 1497 1503
 1277 372.464 658 691 13470 13431 1497 1503
 1278 372.74 670 679 13459 13442 1496 1504
 1279 372.978 678 671 13450 13451 1497 1503
 1280 373.248 684 665 13444 13457 1497 1503
 1281 373.534 682 667 13445 13456 1498 1502
 1282 373.819 670 679 13455 13446 1500 1500
 1283 374.12 668 681 13456 13445 1501 1499
 1284 374.411 668 681 13457 13444 1500 1500
 1285 374.71 682 667 13443 13458 1500 1500
 1286 374.985 670 679 13455 13446 1500 1500
 1287 375.269 670 679 13456 13445 1499 1501
 1288 375.562 672 677 13453 13448 1500 1500
 1289 375.894 670 679 13455 13446 1500 1500
 1290 376.192 680 669 13443 13458 1502 1498
 1291 376.499 688 661 13435 13466 1502 1498
 1292 376.784 676 673 13445 13456 1504 1496
 1293 377.045 674 675 13445 13456 1506 1494
 1294 377.342 680 669 13439 13462 1506 1494
 1295 377.639 694 655 13426 13475 1505 1495
 1296 377.897 668 681 13453 13448 1504 1496
 1297 378.196 666 683 13455 13446 1504 1496
 1298 378.487 658 691 13461 13440 1506 1494
 1299 378.8 654 695 13464 13437 1507 1493
 1300 379.066 660 689 13460 13441 1505 1495
 1301 379.35 654 695 13467 13434 1504 1496
 1302 379.609 658 691 13463 13438 1504 1496
 1303 379.877 638 711 13483 13418 1504 1496
 1304 380.162 632 717 13489 13412 1504 1496
 1305 380.437 660 689 13462 13439 1503 1497
 1306 380.708 658 691 13461 13440 1506 1494
 1307 381.004 678 671 13441 13460 1506 1494
 1308 381.284 680 669 13439 13462 1506 1494
 1309 381.558 666 683 13452 13449 1507 1493
 1310 381.84 646 703 13472 13429 1507 1493
 1311 382.167 638 711 13482 13419 1505 1495
 1312 382.468 652 697 13470 13431 1503 1497
 1313 382.779 668 681 13455 13446 1502 1498
 1314 383.083 682 667 13441 13460 1502 1498
 1315 383.354 682 667 13442 13459 1501 1499
 1316 383.652 680 669 13445 13456 1500 1500
 1317 383.963 692 657 13433 13468 1500 1500
 1318 384.222 686 663 13439 13462 1500 1500
 1319 384.542 688 661 13438 13463 1499 1501
 1320 384.872 676 673 13449 13452 1500 1500
 1321 385.16 690 659 13435 13466 1500 1500
 1322 385.445 694 655 13431 13470 1500 1500
 1323 385.755 698 651 13428 13473 1499 1501
 1324 386.057 692 657 13434 13467 1499 1501
 1325 386.36 682 667 13443 13458 1500 1500
 1326 386.607 694 655 13429 13472 1502 1498
 1327 386.916 676 673 13447 13454 1502 1498
 1328 387.194 666 683 13457 13444 1502 1498
 1329 387.51 634 715 13489 13412 1502 1498
 1330 387.819 638 711 13485 13416 1502 1498
 1331 388.099 654 695 13468 13433 1503 1497
 1332 388.347 658 691 13466 13435 1501 1499
 1333 388.613 668 681 13458 13443 1499 1501
 1334 388.868 674 675 13453 13448 1498 1502
 1335 389.19 686 663 13441 13460 1498 1502
 1336 389.437 698 651 13429 13472 1498 1502
 1337 389.729 686 663 13441 13460 1498 1502
 1338 390.017 678 671 13449 13452 1498 1502
 1339 390.271 678 671 13448 13453 1499 1501
 1340 390.575 680 669 13446 13455 1499 1501
 1341 390.822 684 665 13441 13460 1500 1500
 1342 391.154 688 661 13438 13463 1499 1501
 1343 391.511 684 665 13442 13459 1499 1501
 1344 391.819 686 663 13440 13461 1499 1501
 1345 392.117 708 641 13416 13485 1501 1499
 1346 392.371 702 647 13423 13478 1500 1500
 1347 392.669 700 649 13427 13474 1498 1502
 1348 392.957 694 655 13434 13467 1497 1503
 1349 393.237 704 645 13425 13476 1496 1504
 1350 393.502 694 655 13436 13465 1495 1505
 1351 393.779 680 669 13450 13451 1495 1505
 1352 394.082 674 675 13456 13445 1495 1505
 1353 394.349 670 679 13460 13441 1495 1505
 1354 394.632 664 685 13467 13434 1494 1506
 1355 394.918 664 685 13467 13434 1494 1506
 1356 395.165 674 675 13459 13442 1492 1508
 1357 395.482 674 675 13458 13443 1493 1507
 1358 395.741 674 675 13455 13446 1496 1504
 1359 396.056 682 667 13445 13456 1498 1502
 1360 396.359 684 665 13442 13459 1499 1501
 1361 396.641 688 661 13437 13464 1500 1500
 1362 396.945 674 675 13450 13451 1501 1499
 1363 397.241 676 673 13449 13452 1500 1500
 1364 397.551 676 673 13449 13452 1500 1500
 1365 397.849 666 683 13460 13441 1499 1501
 1366 398.139 678 671 13449 13452 1498 1502
 1367 398.437 680 669 13449 13452 1496 1504
 1368 398.708 686 663 13443 13458 1496 1504
 1369 398.985 696 653 13432 13469 1497 1503
 1370 399.275 674 675 13453 13448 1498 1502
 1371 399.572 690 659 13439 13462 1496 1504
 1372 399.868 690 659 13439 13462 1496 1504
 1373 400.144 664 685 13464 13437 1497 1503
 1374 400.406 644 705 13484 13417 1497 1503
 1375 400.712 652 697 13477 13424 1496 1504
 1376 400.987 656 693 13470 13431 1499 1501
 1377 401.265 668 681 13458 13443 1499 1501
 1378 401.557 676 673 13450 13451 1499 1501
 1379 401.863 672 677 13455 13446 1498 1502
 1380 402.151 656 693 13470 13431 1499 1501
 1381 402.483 666 683 13459 13442 1500 1500
 1382 402.769 668 681 13458 13443 1499 1501
 1383 403.06 680 669 13447 13454 1498 1502
 1384 403.368 676 673 13451 13450 1498 1502
 1385 403.693 676 673 13449 13452 1500 1500
 1386 403.984 672 677 13450 13451 1503 1497
 1387 404.318 678 671 13443 13458 1504 1496
 1388 404.643 668 681 13452 13449 1505 1495
 1389 404.937 674 675 13446 13455 1505 1495
 1390 405.237 674 675 13445 13456 1506 1494
 1391 405.538 678 671 13442 13459 1505 1495
 1392 405.815 684 665 13436 13465 1505 1495
 1393 406.127 680 669 13443 13458 1502 1498
 1394 406.405 670 679 13453 13448 1502 1498
 1395 406.71 666 683 13454 13447 1505 1495
 1396 406.986 680 669 13439 13462 1506 1494
 1397 407.302 684 665 13436 13465 1505 1495
 1398 407.607 672 677 13450 13451 1503 1497
 1399 407.887 670 679 13454 13447 1501 1499
 1400 408.197 652 697 13474 13427 1499 1501
 1401 408.502 662 687 13465 13436 1498 1502
 1402 408.831 658 691 13469 13432 1498 1502
 1403 409.137 674 675 13453 13448 1498 1502
 1404 409.425 682 667 13444 13457 1499 1501
 1405 409.732 694 655 13432 13469 1499 1501
 1406 410.047 674 675 13451 13450 1500 1500
 1407 410.323 682 667 13443 13458 1500 1500
 1408 410.615 690 659 13435 13466 1500 1500
 1409 410.951 690 659 13436 13465 1499 1501
 1410 411.261 696 653 13430 13471 1499 1501
 1411 411.541 686 663 13440 13461 1499 1501
 1412 411.839 698 651 13427 13474 1500 1500
 1413 412.141 680 669 13444 13457 1501 1499
 1414 412.472 686 663 13438 13463 1501 1499
 1415 412.79 674 675 13450 13451 1501 1499
 1416 413.069 688 661 13436 13465 1501 1499
 1417 413.341 704 645 13421 13480 1500 1500
 1418 413.613 700 649 13425 13476 1500 1500
 1419 413.867 684 665 13442 13459 1499 1501
 1420 414.161 694 655 13433 13468 1498 1502
 1421 414.435 708 641 13418 13483 1499 1501
 1422 414.695 696 653 13430 13471 1499 1501
 1423 415.011 692 657 13434 13467 1499 1501
 1424 415.284 698 651 13431 13470 1496 1504
 1425 415.588 690 659 13439 13462 1496 1504
 1426 415.878 696 653 13434 13467 1495 1505
 1427 416.19 698 651 13432 13469 1495 1505
 1428 416.511 704 645 13426 13475 1495 1505
 1429 416.831 706 643 13422 13479 1497 1503
 1430 417.149 696 653 13431 13470 1498 1502
 1431 417.443 672 677 13452 13449 1501 1499
 1432 417.72 674 675 13449 13452 1502 1498
 1433 417.988 664 685 13459 13442 1502 1498
 1434 418.27 652 697 13471 13430 1502 1498
 1435 418.557 644 705 13481 13420 1500 1500
 1436 418.822 654 695 13471 13430 1500 1500
 1437 419.137 678 671 13446 13455 1501 1499
 1438 419.426 690 659 13434 13467 1501 1499
 1439 419.699 678 671 13446 13455 1501 1499
 1440 420.021 668 681 13455 13446 1502 1498
 1441 420.328 668 681 13455 13446 1502 1498
 1442 420.63 662 687 13462 13439 1501 1499
 1443 420.885 662 687 13462 13439 1501 1499
 1444 421.151 682 667 13442 13459 1501 1499
 1445 421.458 668 681 13457 13444 1500 1500
 1446 421.707 680 669 13445 13456 1500 1500
 1447 422.03 680 669 13446 13455 1499 1501
 1448 422.322 686 663 13441 13460 1498 1502
 1449 422.592 684 665 13443 13458 1498 1502
 1450 422.85 672 677 13456 13445 1497 1503
 1451 423.123 686 663 13443 13458 1496 1504
 1452 423.439 666 683 13462 13439 1497 1503
 1453 423.708 676 673 13452 13449 1497 1503
 1454 424.028 680 669 13450 13451 1495 1505
 1455 424.278 674 675 13458 13443 1493 1507
 1456 424.553 674 675 13457 13444 1494 1506
 1457 424.827 680 669 13449 13452 1496 1504
 1458 425.11 676 673 13452 13449 1497 1503
 1459 425.425 678 671 13449 13452 1498 1502
 1460 425.698 684 665 13442 13459 1499 1501
 1461 426.005 680 669 13446 13455 1499 1501
 1462 426.311 682 667 13444 13457 1499 1501
 1463 426.59 700 649 13426 13475 1499 1501
 1464 426.891 692 657 13434 13467 1499 1501
 1465 427.192 682 667 13444 13457 1499 1501
 1466 427.466 678 671 13450 13451 1497 1503
 1467 427.771 686 663 13442 13459 1497 1503
 1468 428.095 666 683 13461 13440 1498 1502
 1469 428.372 670 679 13458 13443 1497 1503
 1470 428.681 664 685 13463 13438 1498 1502
 1471 428.992 684 665 13441 13460 1500 1500
 1472 429.319 698 651 13426 13475 1501 1499
 1473 429.629 688 661 13437 13464 1500 1500
 1474 429.93 672 677 13453 13448 1500 1500
 1475 430.214 644 705 13481 13420 1500 1500
 1476 430.453 646 703 13478 13423 1501 1499
 1477 430.76 658 691 13465 13436 1502 1498
 1478 431.13 666 683 13456 13445 1503 1497
 1479 431.426 674 675 13449 13452 1502 1498
 1480 431.701 684 665 13439 13462 1502 1498
 1481 431.932 686 663 13436 13465 1503 1497
 1482 432.242 686 663 13434 13467 1505 1495
 1483 432.542 692 657 13427 13474 1506 1494
 1484 432.836 690 659 13429 13472 1506 1494
 1485 433.099 684 665 13437 13464 1504 1496
 1486 433.37 676 673 13444 13457 1505 1495
 1487 433.703 670 679 13452 13449 1503 1497
 1488 433.999 664 685 13456 13445 1505 1495
 1489 434.296 676 673 13446 13455 1503 1497
 1490 434.607 664 685 13458 13443 1503 1497
 1491 434.908 676 673 13446 13455 1503 1497
 1492 435.203 688 661 13433 13468 1504 1496
 1493 435.48 680 669 13442 13459 1503 1497
 1494 435.752 686 663 13437 13464 1502 1498
 1495 436.061 684 665 13438 13463 1503 1497
 1496 436.363 672 677 13449 13452 1504 1496
 1497 436.672 688 661 13433 13468 1504 1496
 1498 436.96 672 677 13448 13453 1505 1495
 1499 437.266 658 691 13461 13440 1506 1494
 1500 437.521 660 689 13459 13442 1506 1494
 1501 437.817 662 687 13456 13445 1507 1493
 1502 438.103 670 679 13446 13455 1509 1491
 1503 438.395 664 685 13452 13449 1509 1491
 1504 438.696 652 697 13464 13437 1509 1491
 1505 439.025 656 693 13460 13441 1509 1491
 1506 439.328 680 669 13438 13463 1507 1493
 1507 439.656 682 667 13435 13466 1508 1492
 1508 439.952 676 673 13440 13461 1509 1491
 1509 440.28 692 657 13424 13477 1509 1491
 1510 440.594 690 659 13427 13474 1508 1492
 1511 440.883 688 661 13428 13473 1509 1491
 1512 441.201 692 657 13425 13476 1508 1492
 1513 441.467 680 669 13437 13464 1508 1492
 1514 441.732 670 679 13447 13454 1508 1492
 1515 442.023 690 659 13425 13476 1510 1490
 1516 442.316 664 685 13453 13448 1508 1492
 1517 442.587 660 689 13457 13444 1508 1492
 1518 442.888 660 689 13455 13446 1510 1490
 1519 443.177 674 675 13440 13461 1511 1489
 1520 443.482 674 675 13439 13462 1512 1488
 1521 443.785 700 649 13412 13489 1513 1487
 1522 444.079 672 677 13441 13460 1512 1488
 1523 444.372 666 683 13447 13454 1512 1488
 1524 444.65 650 699 13462 13439 1513 1487
 1525 444.914 660 689 13451 13450 1514 1486
 1526 445.238 678 671 13433 13468 1514 1486
 1527 445.542 674 675 13435 13466 1516 1484
 1528 445.84 656 693 13453 13448 1516 1484
 1529 446.15 684 665 13425 13476 1516 1484
 1530 446.422 692 657 13416 13485 1517 1483
 1531 446.733 686 663 13421 13480 1518 1482
 1532 447.034 676 673 13430 13471 1519 1481
 1533 447.374 654 695 13452 13449 1519 1481
 1534 447.677 672 677 13434 13467 1519 1481
 1535 447.954 674 675 13434 13467 1517 1483
 1536 448.253 670 679 13438 13463 1517 1483
 1537 448.574 652 697 13458 13443 1515 1485
 1538 448.889 650 699 13459 13442 1516 1484
 1539 449.202 648 701 13462 13439 1515 1485
 1540 449.488 660 689 13450 13451 1515 1485
 1541 449.783 664 685 13445 13456 1516 1484
 1542 450.071 676 673 13432 13469 1517 1483
 1543 450.36 682 667 13426 13475 1517 1483
 1544 450.64 678 671 13430 13471 1517 1483
 1545 450.954 670 679 13442 13459 1513 1487
 1546 451.216 684 665 13429 13472 1512 1488
 1547 451.523 672 677 13443 13458 1510 1490
 1548 451.819 674 675 13442 13459 1509 1491
 1549 452.153 652 697 13464 13437 1509 1491
 1550 452.484 662 687 13452 13449 1511 1489
 1551 452.738 674 675 13440 13461 1511 1489
 1552 453.057 646 703 13468 13433 1511 1489
 1553 453.353 668 681 13446 13455 1511 1489
 1554 453.674 678 671 13436 13465 1511 1489
 1555 453.965 668 681 13444 13457 1513 1487
 1556 454.229 682 667 13431 13470 1512 1488
 1557 454.53 684 665 13429 13472 1512 1488
 1558 454.823 694 655 13419 13482 1512 1488
 1559 455.092 682 667 13433 13468 1510 1490
 1560 455.363 654 695 13461 13440 1510 1490
 1561 455.621 670 679 13445 13456 1510 1490
 1562 455.907 672 677 13440 13461 1513 1487
 1563 456.218 650 699 13463 13438 1512 1488
 1564 456.521 664 685 13450 13451 1511 1489
 1565 456.812 672 677 13443 13458 1510 1490
 1566 457.11 674 675 13441 13460 1510 1490
 1567 457.413 664 685 13450 13451 1511 1489
 1568 457.727 658 691 13457 13444 1510 1490
 1569 458.02 652 697 13461 13440 1512 1488
 1570 458.31 638 711 13475 13426 1512 1488
 1571 458.586 654 695 13457 13444 1514 1486
 1572 458.868 658 691 13453 13448 1514 1486
 1573 459.159 646 703 13465 13436 1514 1486
 1574 459.422 654 695 13456 13445 1515 1485
 1575 459.741 690 659 13420 13481 1515 1485
 1576 460.039 698 651 13410 13491 1517 1483
 1577 460.319 702 647 13406 13495 1517 1483
 1578 460.627 674 675 13435 13466 1516 1484
 1579 460.906 664 685 13446 13455 1515 1485
 1580 461.218 674 675 13433 13468 1518 1482
 1581 461.556 664 685 13444 13457 1517 1483
 1582 461.855 682 667 13425 13476 1518 1482
 1583 462.164 692 657 13415 13486 1518 1482
 1584 462.468 696 653 13410 13491 1519 1481
 1585 462.763 698 651 13405 13496 1522 1478
 1586 463.09 674 675 13428 13473 1523 1477
 1587 463.4 668 681 13433 13468 1524 1476
 1588 463.704 684 665 13420 13481 1521 1479
 1589 464.007 680 669 13424 13477 1521 1479
 1590 464.285 692 657 13412 13489 1521 1479
 1591 464.554 692 657 13414 13487 1519 1481
 1592 464.878 696 653 13409 13492 1520 1480
 1593 465.178 692 657 13413 13488 1520 1480
 1594 465.463 702 647 13403 13498 1520 1480
 1595 465.762 698 651 13407 13494 1520 1480
 1596 466.071 720 629 13385 13516 1520 1480
 1597 466.378 692 657 13412 13489 1521 1479
 1598 466.674 674 675 13430 13471 1521 1479
 1599 466.997 684 665 13421 13480 1520 1480
 1600 467.273 680 669 13425 13476 1520 1480
 1601 467.568 684 665 13421 13480 1520 1480
 1602 467.827 700 649 13404 13497 1521 1479
 1603 468.135 698 651 13405 13496 1522 1478
 1604 468.422 708 641 13396 13505 1521 1479
 1605 468.721 704 645 13402 13499 1519 1481
 1606 468.996 684 665 13422 13479 1519 1481
 1607 469.322 706 643 13400 13501 1519 1481
 1608 469.609 714 635 13394 13507 1517 1483
 1609 469.923 690 659 13419 13482 1516 1484
 1610 470.191 676 673 13435 13466 1514 1486
 1611 470.474 686 663 13424 13477 1515 1485
 1612 470.758 676 673 13435 13466 1514 1486
 1613 471.052 698 651 13416 13485 1511 1489
 1614 471.33 686 663 13429 13472 1510 1490
 1615 471.602 666 683 13449 13452 1510 1490
 1616 471.86 680 669 13433 13468 1512 1488
 1617 472.182 690 659 13422 13479 1513 1487
 1618 472.446 668 681 13442 13459 1515 1485
 1619 472.769 660 689 13452 13449 1513 1487
 1620 473.091 668 681 13444 13457 1513 1487
 1621 473.374 672 677 13443 13458 1510 1490
 1622 473.663 670 679 13444 13457 1511 1489
 1623 473.963 670 679 13443 13458 1512 1488
 1624 474.258 676 673 13438 13463 1511 1489
 1625 474.573 672 677 13441 13460 1512 1488
 1626 474.863 666 683 13446 13455 1513 1487
 1627 475.158 688 661 13424 13477 1513 1487
 1628 475.45 686 663 13427 13474 1512 1488
 1629 475.732 664 685 13449 13452 1512 1488
 1630 476.013 676 673 13436 13465 1513 1487
 1631 476.293 670 679 13442 13459 1513 1487
 1632 476.572 670 679 13442 13459 1513 1487
 1633 476.873 654 695 13459 13442 1512 1488
 1634 477.188 648 701 13464 13437 1513 1487
 1635 477.479 660 689 13453 13448 1512 1488
 1636 477.771 682 667 13430 13471 1513 1487
 1637 478.072 672 677 13438 13463 1515 1485
 1638 478.321 660 689 13449 13452 1516 1484
 1639 478.595 660 689 13448 13453 1517 1483
 1640 478.902 682 667 13425 13476 1518 1482
 1641 479.189 692 657 13414 13487 1519 1481
 1642 479.489 678 671 13426 13475 1521 1479
 1643 479.807 696 653 13409 13492 1520 1480
 1644 480.073 674 675 13430 13471 1521 1479
 1645 480.405 684 665 13421 13480 1520 1480
 1646 480.726 692 657 13415 13486 1518 1482
 1647 481.028 674 675 13429 13472 1522 1478
 1648 481.318 690 659 13412 13489 1523 1477
 1649 481.6 674 675 13426 13475 1525 1475
 1650 481.892 702 647 13398 13503 1525 1475
 1651 482.179 698 651 13403 13498 1524 1476
 1652 482.495 682 667 13421 13480 1522 1478
 1653 482.811 656 693 13447 13454 1522 1478
 1654 483.103 642 707 13462 13439 1521 1479
 1655 483.414 676 673 13427 13474 1522 1478
 1656 483.718 692 657 13409 13492 1524 1476
 1657 484.033 698 651 13404 13497 1523 1477
 1658 484.328 686 663 13415 13486 1524 1476
 1659 484.599 696 653 13406 13495 1523 1477
 1660 484.923 714 635 13387 13514 1524 1476
 1661 485.218 710 639 13392 13509 1523 1477
 1662 485.503 700 649 13402 13499 1523 1477
 1663 485.742 676 673 13425 13476 1524 1476
 1664 486.044 686 663 13413 13488 1526 1474
 1665 486.318 706 643 13393 13508 1526 1474
 1666 486.622 694 655 13405 13496 1526 1474
 1667 486.921 686 663 13415 13486 1524 1476
 1668 487.217 686 663 13416 13485 1523 1477
 1669 487.535 682 667 13420 13481 1523 1477
 1670 487.795 672 677 13430 13471 1523 1477
 1671 488.078 668 681 13434 13467 1523 1477
 1672 488.375 676 673 13424 13477 1525 1475
 1673 488.627 674 675 13425 13476 1526 1474
 1674 488.905 698 651 13401 13500 1526 1474
 1675 489.207 696 653 13405 13496 1524 1476
 1676 489.49 704 645 13394 13507 1527 1473
 1677 489.809 698 651 13400 13501 1527 1473
 1678 490.136 700 649 13398 13503 1527 1473
 1679 490.418 690 659 13408 13493 1527 1473
 1680 490.692 656 693 13443 13458 1526 1474
 1681 490.983 692 657 13408 13493 1525 1475
 1682 491.244 700 649 13399 13502 1526 1474
 1683 491.503 692 657 13407 13494 1526 1474
 1684 491.793 676 673 13423 13478 1526 1474
 1685 492.076 670 679 13429 13472 1526 1474
 1686 492.405 684 665 13414 13487 1527 1473
 1687 492.672 680 669 13418 13483 1527 1473
 1688 492.966 694 655 13405 13496 1526 1474
 1689 493.297 676 673 13423 13478 1526 1474
 1690 493.599 670 679 13428 13473 1527 1473
 1691 493.909 686 663 13411 13490 1528 1472
 1692 494.193 696 653 13402 13499 1527 1473
 1693 494.5 712 637 13386 13515 1527 1473
 1694 494.783 702 647 13395 13506 1528 1472
 1695 495.089 686 663 13411 13490 1528 1472
 1696 495.397 698 651 13400 13501 1527 1473
 1697 495.664 686 663 13412 13489 1527 1473
 1698 495.911 678 671 13423 13478 1524 1476
 1699 496.212 692 657 13408 13493 1525 1475
 1700 496.496 670 679 13431 13470 1524 1476
 1701 496.778 670 679 13432 13469 1523 1477
 1702 497.108 682 667 13420 13481 1523 1477
 1703 497.38 684 665 13419 13482 1522 1478
 1704 497.691 674 675 13427 13474 1524 1476
 1705 497.975 676 673 13426 13475 1523 1477
 1706 498.267 676 673 13426 13475 1523 1477
 1707 498.545 670 679 13434 13467 1521 1479
 1708 498.855 682 667 13422 13479 1521 1479
 1709 499.124 664 685 13440 13461 1521 1479
 1710 499.388 678 671 13424 13477 1523 1477
 1711 499.657 690 659 13413 13488 1522 1478
 1712 499.943 678 671 13427 13474 1520 1480
 1713 500.226 668 681 13437 13464 1520 1480
 1714 500.541 670 679 13435 13466 1520 1480
 1715 500.864 664 685 13442 13459 1519 1481
 1716 501.171 668 681 13438 13463 1519 1481
 1717 501.477 672 677 13435 13466 1518 1482
 1718 501.78 678 671 13430 13471 1517 1483
 1719 502.097 672 677 13436 13465 1517 1483
 1720 502.412 680 669 13428 13473 1517 1483
 1721 502.681 666 683 13441 13460 1518 1482
 1722 503.019 676 673 13432 13469 1517 1483
 1723 503.331 658 691 13449 13452 1518 1482
 1724 503.62 686 663 13424 13477 1515 1485
 1725 503.904 690 659 13419 13482 1516 1484
 1726 504.197 676 673 13434 13467 1515 1485
 1727 504.481 684 665 13427 13474 1514 1486
 1728 504.78 670 679 13442 13459 1513 1487
 1729 505.027 672 677 13441 13460 1512 1488
 1730 505.288 660 689 13453 13448 1512 1488
 1731 505.565 654 695 13459 13442 1512 1488
 1732 505.862 660 689 13453 13448 1512 1488
 1733 506.12 670 679 13443 13458 1512 1488
 1734 506.403 656 693 13457 13444 1512 1488
 1735 506.736 656 693 13457 13444 1512 1488
 1736 507.021 648 701 13465 13436 1512 1488
 1737 507.36 642 707 13471 13430 1512 1488
 1738 507.673 652 697 13460 13441 1513 1487
 1739 507.957 676 673 13434 13467 1515 1485
 1740 508.219 670 679 13441 13460 1514 1486
 1741 508.549 692 657 13419 13482 1514 1486
 1742 508.849 700 649 13412 13489 1513 1487
 1743 509.164 698 651 13413 13488 1514 1486
 1744 509.456 684 665 13427 13474 1514 1486
 1745 509.753 668 681 13446 13455 1511 1489
 1746 510.061 650 699 13465 13436 1510 1490
 1747 510.349 680 669 13435 13466 1510 1490
 1748 510.635 680 669 13435 13466 1510 1490
 1749 510.938 674 675 13440 13461 1511 1489
 1750 511.294 682 667 13432 13469 1511 1489
 1751 511.546 672 677 13443 13458 1510 1490
 1752 511.813 684 665 13431 13470 1510 1490
 1753 512.107 678 671 13437 13464 1510 1490
 1754 512.401 676 673 13439 13462 1510 1490
 1755 512.731 662 687 13453 13448 1510 1490
 1756 513.03 648 701 13467 13434 1510 1490
 1757 513.31 666 683 13448 13453 1511 1489
 1758 513.629 672 677 13443 13458 1510 1490
 1759 513.888 662 687 13453 13448 1510 1490
 1760 514.167 658 691 13458 13443 1509 1491
 1761 514.438 656 693 13459 13442 1510 1490
 1762 514.732 676 673 13441 13460 1508 1492
 1763 515.025 692 657 13425 13476 1508 1492
 1764 515.335 688 661 13428 13473 1509 1491
 1765 515.629 670 679 13447 13454 1508 1492
 1766 515.937 680 669 13438 13463 1507 1493
 1767 516.217 662 687 13456 13445 1507 1493
 1768 516.466 674 675 13444 13457 1507 1493
 1769 516.743 676 673 13443 13458 1506 1494
 1770 517.044 690 659 13428 13473 1507 1493
 1771 517.363 686 663 13433 13468 1506 1494
 1772 517.659 684 665 13435 13466 1506 1494
 1773 517.96 676 673 13442 13459 1507 1493
 1774 518.243 658 691 13460 13441 1507 1493
 1775 518.536 658 691 13460 13441 1507 1493
 1776 518.866 652 697 13467 13434 1506 1494
 1777 519.152 656 693 13463 13438 1506 1494
 1778 519.412 672 677 13450 13451 1503 1497
 1779 519.727 678 671 13444 13457 1503 1497
 1780 520.027 672 677 13450 13451 1503 1497
 1781 520.336 670 679 13453 13448 1502 1498
 1782 520.658 678 671 13443 13458 1504 1496
 1783 520.959 668 681 13455 13446 1502 1498
 1784 521.235 684 665 13439 13462 1502 1498
 1785 521.54 674 675 13449 13452 1502 1498
 1786 521.804 672 677 13450 13451 1503 1497
 1787 522.089 672 677 13449 13452 1504 1496
 1788 522.378 682 667 13438 13463 1505 1495
 1789 522.665 686 663 13434 13467 1505 1495
 1790 522.957 672 677 13447 13454 1506 1494
 1791 523.248 674 675 13446 13455 1505 1495
 1792 523.542 698 651 13423 13478 1504 1496
 1793 523.802 686 663 13436 13465 1503 1497
 1794 524.082 664 685 13458 13443 1503 1497
 1795 524.386 674 675 13449 13452 1502 1498
 1796 524.676 678 671 13445 13456 1502 1498
 1797 524.96 676 673 13448 13453 1501 1499
 1798 525.25 666 683 13460 13441 1499 1501
 1799 525.502 690 659 13437 13464 1498 1502
 1800 525.776 666 683 13461 13440 1498 1502
 1801 526.091 672 677 13456 13445 1497 1503
 1802 526.382 676 673 13454 13447 1495 1505
 1803 526.652 658 691 13472 13429 1495 1505
 1804 526.937 672 677 13458 13443 1495 1505
 1805 527.209 678 671 13452 13449 1495 1505
 1806 527.486 674 675 13457 13444 1494 1506
 1807 527.768 700 649 13432 13469 1493 1507
 1808 528.059 694 655 13438 13463 1493 1507
 1809 528.351 690 659 13441 13460 1494 1506
 1810 528.674 692 657 13439 13462 1494 1506
 1811 528.958 676 673 13451 13450 1498 1502
 1812 529.244 676 673 13450 13451 1499 1501
 1813 529.5 674 675 13451 13450 1500 1500
 1814 529.762 682 667 13443 13458 1500 1500
 1815 530.065 678 671 13448 13453 1499 1501
 1816 530.354 668 681 13458 13443 1499 1501
 1817 530.633 666 683 13460 13441 1499 1501
 1818 530.949 660 689 13466 13435 1499 1501
 1819 531.245 662 687 13463 13438 1500 1500
 1820 531.547 682 667 13442 13459 1501 1499
 1821 531.849 682 667 13443 13458 1500 1500
 1822 532.156 660 689 13466 13435 1499 1501
 1823 532.447 676 673 13449 13452 1500 1500
 1824 532.728 672 677 13452 13449 1501 1499
 1825 533.011 684 665 13442 13459 1499 1501
 1826 533.31 690 659 13436 13465 1499 1501
 1827 533.633 674 675 13452 13449 1499 1501
 1828 533.914 692 657 13436 13465 1497 1503
 1829 534.229 708 641 13420 13481 1497 1503
 1830 534.505 684 665 13443 13458 1498 1502
 1831 534.82 676 673 13450 13451 1499 1501
 1832 535.07 664 685 13462 13439 1499 1501
 1833 535.315 688 661 13438 13463 1499 1501
 1834 535.609 660 689 13465 13436 1500 1500
 1835 535.906 662 687 13464 13437 1499 1501
 1836 536.177 662 687 13465 13436 1498 1502
 1837 536.442 650 699 13476 13425 1499 1501
 1838 536.784 674 675 13451 13450 1500 1500
 1839 537.06 682 667 13443 13458 1500 1500
 1840 537.328 698 651 13427 13474 1500 1500
 1841 537.642 704 645 13420 13481 1501 1499
 1842 537.92 696 653 13428 13473 1501 1499
 1843 538.189 672 677 13453 13448 1500 1500
 1844 538.478 682 667 13443 13458 1500 1500
 1845 538.778 708 641 13418 13483 1499 1501
 1846 539.094 678 671 13450 13451 1497 1503
 1847 539.361 658 691 13469 13432 1498 1502
 1848 539.596 666 683 13460 13441 1499 1501
 1849 539.872 686 663 13441 13460 1498 1502
 1850 540.131 696 653 13432 13469 1497 1503
 1851 540.461 702 647 13427 13474 1496 1504
 1852 540.723 702 647 13428 13473 1495 1505
 1853 541.03 704 645 13425 13476 1496 1504
 1854 541.333 688 661 13441 13460 1496 1504
 1855 541.611 696 653 13431 13470 1498 1502
 1856 541.888 682 667 13442 13459 1501 1499
 1857 542.219 678 671 13446 13455 1501 1499
 1858 542.509 688 661 13435 13466 1502 1498
 1859 542.807 674 675 13448 13453 1503 1497
 1860 543.107 660 689 13464 13437 1501 1499
 1861 543.392 672 677 13453 13448 1500 1500
 1862 543.698 674 675 13451 13450 1500 1500
 1863 544.009 678 671 13447 13454 1500 1500
 1864 544.324 682 667 13442 13459 1501 1499
 1865 544.615 688 661 13436 13465 1501 1499
 1866 544.938 710 639 13414 13487 1501 1499
 1867 545.205 688 661 13437 13464 1500 1500
 1868 545.466 682 667 13442 13459 1501 1499
 1869 545.769 674 675 13449 13452 1502 1498
 1870 546.081 662 687 13458 13443 1505 1495
 1871 546.343 660 689 13460 13441 1505 1495
 1872 546.586 670 679 13450 13451 1505 1495
 1873 546.869 654 695 13466 13435 1505 1495
 1874 547.117 660 689 13463 13438 1502 1498
 1875 547.392 672 677 13451 13450 1502 1498
 1876 547.642 674 675 13448 13453 1503 1497
 1877 547.964 662 687 13461 13440 1502 1498
 1878 548.223 664 685 13458 13443 1503 1497
 1879 548.55 642 707 13482 13419 1501 1499
 1880 548.869 658 691 13467 13434 1500 1500
 1881 549.135 662 687 13461 13440 1502 1498
 1882 549.432 666 683 13457 13444 1502 1498
 1883 549.752 672 677 13450 13451 1503 1497
 1884 550.032 670 679 13451 13450 1504 1496
 1885 550.343 678 671 13443 13458 1504 1496
 1886 550.628 668 681 13453 13448 1504 1496
 1887 550.929 678 671 13445 13456 1502 1498
 1888 551.2 680 669 13443 13458 1502 1498
 1889 551.494 674 675 13450 13451 1501 1499
 1890 551.756 668 681 13457 13444 1500 1500
 1891 552.04 670 679 13455 13446 1500 1500
 1892 552.342 690 659 13434 13467 1501 1499
 1893 552.659 686 663 13439 13462 1500 1500
 1894 552.968 676 673 13449 13452 1500 1500
 1895 553.263 682 667 13442 13459 1501 1499
 1896 553.561 680 669 13445 13456 1500 1500
 1897 553.842 682 667 13445 13456 1498 1502
 1898 554.115 672 677 13459 13442 1494 1506
 1899 554.425 678 671 13453 13448 1494 1506
 1900 554.727 678 671 13453 13448 1494 1506
 1901 555.038 658 691 13470 13431 1497 1503
 1902 555.315 654 695 13474 13427 1497 1503
 1903 555.603 646 703 13483 13418 1496 1504
 1904 555.901 642 707 13488 13413 1495 1505
 1905 556.159 638 711 13493 13408 1494 1506
 1906 556.453 672 677 13460 13441 1493 1507
 1907 556.743 684 665 13450 13451 1491 1509
 1908 557.015 658 691 13476 13425 1491 1509
 1909 557.285 666 683 13468 13433 1491 1509
 1910 557.579 662 687 13469 13432 1494 1506
 1911 557.873 648 701 13481 13420 1496 1504
 1912 558.158 640 709 13488 13413 1497 1503
 1913 558.431 646 703 13483 13418 1496 1504
 1914 558.741 666 683 13464 13437 1495 1505
 1915 559.076 662 687 13469 13432 1494 1506
 1916 559.391 676 673 13455 13446 1494 1506
 1917 559.717 668 681 13463 13438 1494 1506
 1918 560.034 678 671 13454 13447 1493 1507
 1919 560.319 666 683 13469 13432 1490 1510
 1920 560.594 662 687 13472 13429 1491 1509
 1921 560.877 676 673 13459 13442 1490 1510
 1922 561.143 668 681 13466 13435 1491 1509
 1923 561.432 664 685 13468 13433 1493 1507
 1924 561.76 670 679 13460 13441 1495 1505
 1925 562.065 660 689 13470 13431 1495 1505
 1926 562.362 650 699 13479 13422 1496 1504
 1927 562.656 660 689 13469 13432 1496 1504
 1928 562.934 662 687 13466 13435 1497 1503
 1929 563.251 670 679 13457 13444 1498 1502
 1930 563.512 678 671 13449 13452 1498 1502
 1931 563.825 682 667 13445 13456 1498 1502
 1932 564.146 692 657 13436 13465 1497 1503
 1933 564.486 688 661 13440 13461 1497 1503
 1934 564.765 676 673 13450 13451 1499 1501
 1935 565.059 682 667 13443 13458 1500 1500
 1936 565.334 666 683 13459 13442 1500 1500
 1937 565.637 682 667 13444 13457 1499 1501
 1938 565.952 676 673 13450 13451 1499 1501
 1939 566.24 674 675 13453 13448 1498 1502
 1940 566.522 672 677 13452 13449 1501 1499
 1941 566.791 672 677 13452 13449 1501 1499
 1942 567.093 674 675 13449 13452 1502 1498
 1943 567.371 664 685 13458 13443 1503 1497
 1944 567.644 666 683 13456 13445 1503 1497
 1945 567.889 656 693 13465 13436 1504 1496
 1946 568.203 666 683 13452 13449 1507 1493
 1947 568.484 670 679 13448 13453 1507 1493
 1948 568.751 666 683 13452 13449 1507 1493
