 1 0.305759 674 660 13472 13462 1479 1503
 2 0.585249 676 658 13471 13463 1478 1504
 3 0.844603 654 680 13491 13443 1480 1502
 4 1.14555 652 682 13491 13443 1482 1500
 5 1.43294 642 692 13502 13432 1481 1501
 6 1.71362 640 694 13504 13430 1481 1501
 7 2.01168 646 688 13499 13435 1480 1502
 8 2.32295 648 686 13496 13438 1481 1501
 9 2.63357 646 688 13497 13437 1482 1500
 10 2.91775 650 684 13493 13441 1482 1500
 11 3.21025 664 670 13482 13452 1479 1503
 12 3.53576 650 684 13496 13438 1479 1503
 13 3.83101 632 702 13513 13421 1480 1502
 14 4.11919 636 698 13509 13425 1480 1502
 15 4.39887 676 658 13469 13465 1480 1502
 16 4.69914 660 674 13486 13448 1479 1503
 17 4.98163 638 696 13508 13426 1479 1503
 18 5.29011 654 680 13494 13440 1477 1505
 19 5.58651 664 670 13485 13449 1476 1506
 20 5.9021 678 656 13470 13464 1477 1505
 21 6.2078 666 668 13483 13451 1476 1506
 22 6.53265 686 648 13463 13471 1476 1506
 23 6.86635 692 642 13456 13478 1477 1505
 24 7.17902 678 656 13471 13463 1476 1506
 25 7.46033 672 662 13476 13458 1477 1505
 26 7.73965 648 686 13499 13435 1478 1504
 27 8.03272 670 664 13479 13455 1476 1506
 28 8.30599 680 654 13470 13464 1475 1507
 29 8.61129 680 654 13470 13464 1475 1507
 30 8.88504 670 664 13481 13453 1474 1508
 31 9.13968 650 684 13500 13434 1475 1507
 32 9.44536 662 672 13487 13447 1476 1506
 33 9.76279 658 676 13491 13443 1476 1506
 34 10.0598 662 672 13487 13447 1476 1506
 35 10.385 650 684 13500 13434 1475 1507
 36 10.6794 656 678 13494 13440 1475 1507
 37 10.9764 674 660 13476 13458 1475 1507
 38 11.2774 666 668 13484 13450 1475 1507
 39 11.5636 686 648 13465 13469 1474 1508
 40 11.836 686 648 13465 13469 1474 1508
 41 12.1223 686 648 13465 13469 1474 1508
 42 12.412 682 652 13469 13465 1474 1508
 43 12.708 680 654 13472 13462 1473 1509
 44 13.0308 692 642 13461 13473 1472 1510
 45 13.2964 698 636 13453 13481 1474 1508
 46 13.5846 700 634 13452 13482 1473 1509
 47 13.8697 670 664 13478 13456 1477 1505
 48 14.2011 682 652 13467 13467 1476 1506
 49 14.4777 680 654 13470 13464 1475 1507
 50 14.7206 666 668 13484 13450 1475 1507
 51 15.0233 664 670 13486 13448 1475 1507
 52 15.3514 660 674 13488 13446 1477 1505
 53 15.6688 654 680 13495 13439 1476 1506
 54 15.9591 658 676 13493 13441 1474 1508
 55 16.2752 666 668 13486 13448 1473 1509
 56 16.5986 658 676 13493 13441 1474 1508
 57 16.9087 642 692 13509 13425 1474 1508
 58 17.2179 640 694 13509 13425 1476 1506
 59 17.4928 618 716 13532 13402 1475 1507
 60 17.8408 632 702 13518 13416 1475 1507
 61 18.1143 662 672 13489 13445 1474 1508
 62 18.3957 652 682 13498 13436 1475 1507
 63 18.6987 664 670 13485 13449 1476 1506
 64 18.969 660 674 13490 13444 1475 1507
 65 19.2678 644 690 13508 13426 1473 1509
 66 19.5729 670 664 13481 13453 1474 1508
 67 19.8609 668 666 13480 13454 1477 1505
 68 20.1567 682 652 13466 13468 1477 1505
 69 20.4661 690 644 13460 13474 1475 1507
 70 20.7587 678 656 13472 13462 1475 1507
 71 21.061 678 656 13472 13462 1475 1507
 72 21.3814 682 652 13470 13464 1473 1509
 73 21.669 680 654 13472 13462 1473 1509
 74 21.9297 680 654 13470 13464 1475 1507
 75 22.2151 682 652 13468 13466 1475 1507
 76 22.4659 680 654 13471 13463 1474 1508
 77 22.7789 690 644 13458 13476 1477 1505
 78 23.0721 686 648 13462 13472 1477 1505
 79 23.3844 660 674 13486 13448 1479 1503
 80 23.6546 666 668 13480 13454 1479 1503
 81 23.9816 664 670 13480 13454 1481 1501
 82 24.2452 668 666 13476 13458 1481 1501
 83 24.531 668 666 13477 13457 1480 1502
 84 24.8522 674 660 13470 13464 1481 1501
 85 25.1531 668 666 13477 13457 1480 1502
 86 25.458 648 686 13496 13438 1481 1501
 87 25.7374 640 694 13505 13429 1480 1502
 88 26.0186 658 676 13488 13446 1479 1503
 89 26.3604 660 674 13483 13451 1482 1500
 90 26.6792 662 672 13480 13454 1483 1499
 91 26.9367 676 658 13466 13468 1483 1499
 92 27.224 662 672 13480 13454 1483 1499
 93 27.557 664 670 13478 13456 1483 1499
 94 27.8307 666 668 13476 13458 1483 1499
 95 28.1516 672 662 13468 13466 1485 1497
 96 28.4425 666 668 13475 13459 1484 1498
 97 28.7484 652 682 13490 13444 1483 1499
 98 29.0814 664 670 13480 13454 1481 1501
 99 29.4268 666 668 13477 13457 1482 1500
 100 29.7049 668 666 13474 13460 1483 1499
 101 29.9864 654 680 13488 13446 1483 1499
 102 30.2628 666 668 13476 13458 1483 1499
 103 30.5424 654 680 13486 13448 1485 1497
 104 30.8143 656 678 13486 13448 1483 1499
 105 31.1119 672 662 13470 13464 1483 1499
 106 31.4164 664 670 13477 13457 1484 1498
 107 31.7116 650 684 13491 13443 1484 1498
 108 31.9805 666 668 13474 13460 1485 1497
 109 32.3062 660 674 13479 13455 1486 1496
 110 32.5996 652 682 13485 13449 1488 1494
 111 32.9327 650 684 13490 13444 1485 1497
 112 33.2651 656 678 13482 13452 1487 1495
 113 33.5873 636 698 13502 13432 1487 1495
 114 33.8689 640 694 13498 13436 1487 1495
 115 34.1385 652 682 13487 13447 1486 1496
 116 34.4321 672 662 13466 13468 1487 1495
 117 34.7258 652 682 13484 13450 1489 1493
 118 35.0141 656 678 13480 13454 1489 1493
 119 35.3001 672 662 13464 13470 1489 1493
 120 35.5765 676 658 13462 13472 1487 1495
 121 35.9139 674 660 13463 13471 1488 1494
 122 36.204 676 658 13461 13473 1488 1494
 123 36.502 650 684 13489 13445 1486 1496
 124 36.7933 648 686 13492 13442 1485 1497
 125 37.0676 650 684 13490 13444 1485 1497
 126 37.3292 648 686 13492 13442 1485 1497
 127 37.6436 656 678 13483 13451 1486 1496
 128 37.9451 664 670 13475 13459 1486 1496
 129 38.2418 670 664 13469 13465 1486 1496
 130 38.5145 680 654 13459 13475 1486 1496
 131 38.7967 704 630 13435 13499 1486 1496
 132 39.0829 704 630 13434 13500 1487 1495
 133 39.376 712 622 13425 13509 1488 1494
 134 39.6866 698 636 13439 13495 1488 1494
 135 39.9742 682 652 13454 13480 1489 1493
 136 40.2965 680 654 13456 13478 1489 1493
 137 40.5887 686 648 13451 13483 1488 1494
 138 40.8583 670 664 13467 13467 1488 1494
 139 41.1367 672 662 13464 13470 1489 1493
 140 41.4255 666 668 13467 13467 1492 1490
 141 41.7354 662 672 13471 13463 1492 1490
 142 42.0531 668 666 13465 13469 1492 1490
 143 42.3616 678 656 13453 13481 1494 1488
 144 42.662 674 660 13457 13477 1494 1488
 145 42.9608 674 660 13456 13478 1495 1487
 146 43.2756 654 680 13476 13458 1495 1487
 147 43.5887 650 684 13481 13453 1494 1488
 148 43.8842 630 704 13501 13433 1494 1488
 149 44.1704 636 698 13495 13439 1494 1488
 150 44.4323 642 692 13489 13445 1494 1488
 151 44.6912 634 700 13497 13437 1494 1488
 152 45 634 700 13497 13437 1494 1488
 153 45.2818 648 686 13485 13449 1492 1490
 154 45.5699 652 682 13482 13452 1491 1491
 155 45.8485 664 670 13470 13464 1491 1491
 156 46.1367 662 672 13472 13462 1491 1491
 157 46.4506 666 668 13468 13466 1491 1491
 158 46.727 654 680 13479 13455 1492 1490
 159 46.999 656 678 13477 13457 1492 1490
 160 47.2908 646 688 13488 13446 1491 1491
 161 47.5818 692 642 13443 13491 1490 1492
 162 47.8877 690 644 13448 13486 1487 1495
 163 48.1668 680 654 13454 13480 1491 1491
 164 48.4838 680 654 13454 13480 1491 1491
 165 48.7549 668 666 13466 13468 1491 1491
 166 49.0513 686 648 13449 13485 1490 1492
 167 49.3663 686 648 13453 13481 1486 1496
 168 49.6626 676 658 13464 13470 1485 1497
 169 49.9753 680 654 13458 13476 1487 1495
 170 50.2976 688 646 13451 13483 1486 1496
 171 50.5918 682 652 13456 13478 1487 1495
 172 50.9294 682 652 13456 13478 1487 1495
 173 51.2381 690 644 13447 13487 1488 1494
 174 51.5347 694 640 13444 13490 1487 1495
 175 51.8187 690 644 13446 13488 1489 1493
 176 52.1123 692 642 13443 13491 1490 1492
 177 52.4048 678 656 13457 13477 1490 1492
 178 52.6734 694 640 13441 13493 1490 1492
 179 52.9419 712 622 13421 13513 1492 1490
 180 53.2555 672 662 13461 13473 1492 1490
 181 53.5635 656 678 13478 13456 1491 1491
 182 53.8389 658 676 13477 13457 1490 1492
 183 54.0982 650 684 13486 13448 1489 1493
 184 54.4302 666 668 13472 13462 1487 1495
 185 54.7125 692 642 13445 13489 1488 1494
 186 54.9995 672 662 13465 13469 1488 1494
 187 55.3072 658 676 13479 13455 1488 1494
 188 55.5908 644 690 13493 13441 1488 1494
 189 55.9133 648 686 13488 13446 1489 1493
 190 56.2192 638 696 13498 13436 1489 1493
 191 56.5554 674 660 13463 13471 1488 1494
 192 56.8503 666 668 13472 13462 1487 1495
 193 57.1188 682 652 13456 13478 1487 1495
 194 57.4055 680 654 13458 13476 1487 1495
 195 57.6845 688 646 13450 13484 1487 1495
 196 57.9623 688 646 13450 13484 1487 1495
 197 58.2487 672 662 13466 13468 1487 1495
 198 58.5286 666 668 13471 13463 1488 1494
 199 58.8029 666 668 13471 13463 1488 1494
 200 59.1046 662 672 13476 13458 1487 1495
 201 59.389 656 678 13482 13452 1487 1495
 202 59.6514 666 668 13473 13461 1486 1496
 203 59.9373 672 662 13466 13468 1487 1495
 204 60.2187 686 648 13450 13484 1489 1493
 205 60.5422 676 658 13459 13475 1490 1492
 206 60.8451 676 658 13458 13476 1491 1491
 207 61.1472 660 674 13475 13459 1490 1492
 208 61.4592 666 668 13469 13465 1490 1492
 209 61.7404 656 678 13476 13458 1493 1489
 210 62.0361 660 674 13471 13463 1494 1488
 211 62.3415 660 674 13468 13466 1497 1485
 212 62.6659 676 658 13451 13483 1498 1484
 213 62.9604 686 648 13440 13494 1499 1483
 214 63.2786 672 662 13455 13479 1498 1484
 215 63.5625 682 652 13446 13488 1497 1485
 216 63.8543 688 646 13439 13495 1498 1484
 217 64.1468 692 642 13436 13498 1497 1485
 218 64.4549 678 656 13449 13485 1498 1484
 219 64.7874 668 666 13459 13475 1498 1484
 220 65.0744 660 674 13467 13467 1498 1484
 221 65.3528 658 676 13470 13464 1497 1485
 222 65.6333 670 664 13458 13476 1497 1485
 223 65.922 668 666 13462 13472 1495 1487
 224 66.2355 664 670 13466 13468 1495 1487
 225 66.5019 648 686 13481 13453 1496 1486
 226 66.7856 662 672 13467 13467 1496 1486
 227 67.0559 654 680 13474 13460 1497 1485
 228 67.3427 646 688 13481 13453 1498 1484
 229 67.6676 662 672 13463 13471 1500 1482
 230 67.9802 672 662 13456 13478 1497 1485
 231 68.2539 674 660 13454 13480 1497 1485
 232 68.5558 672 662 13457 13477 1496 1486
 233 68.8758 654 680 13473 13461 1498 1484
 234 69.1732 670 664 13459 13475 1496 1486
 235 69.4578 678 656 13453 13481 1494 1488
 236 69.7487 672 662 13458 13476 1495 1487
 237 70.0426 690 644 13441 13493 1494 1488
 238 70.3637 692 642 13440 13494 1493 1489
 239 70.6866 694 640 13438 13496 1493 1489
 240 70.9817 696 638 13436 13498 1493 1489
 241 71.2588 672 662 13460 13474 1493 1489
 242 71.5235 688 646 13442 13492 1495 1487
 243 71.8187 694 640 13438 13496 1493 1489
 244 72.1108 698 636 13434 13500 1493 1489
 245 72.4012 694 640 13438 13496 1493 1489
 246 72.7164 692 642 13440 13494 1493 1489
 247 73.0199 664 670 13466 13468 1495 1487
 248 73.3456 658 676 13473 13461 1494 1488
 249 73.627 652 682 13479 13455 1494 1488
 250 73.908 662 672 13470 13464 1493 1489
 251 74.1649 650 684 13479 13455 1496 1486
 252 74.4584 658 676 13471 13463 1496 1486
 253 74.727 690 644 13440 13494 1495 1487
 254 75.0063 672 662 13457 13477 1496 1486
 255 75.2962 688 646 13441 13493 1496 1486
 256 75.5782 690 644 13440 13494 1495 1487
 257 75.8822 690 644 13441 13493 1494 1488
 258 76.1859 684 650 13447 13487 1494 1488
 259 76.4857 690 644 13442 13492 1493 1489
 260 76.7707 682 652 13450 13484 1493 1489
 261 77.075 678 656 13454 13480 1493 1489
 262 77.3632 686 648 13447 13487 1492 1490
 263 77.6347 714 620 13419 13515 1492 1490
 264 77.9524 684 650 13449 13485 1492 1490
 265 78.2251 688 646 13444 13490 1493 1489
 266 78.5406 660 674 13472 13462 1493 1489
 267 78.8186 672 662 13463 13471 1490 1492
 268 79.1236 650 684 13486 13448 1489 1493
 269 79.4502 648 686 13488 13446 1489 1493
 270 79.7484 642 692 13493 13441 1490 1492
 271 80.015 650 684 13485 13449 1490 1492
 272 80.3007 662 672 13474 13460 1489 1493
 273 80.6205 674 660 13460 13474 1491 1491
 274 80.9248 680 654 13455 13479 1490 1492
 275 81.2297 672 662 13463 13471 1490 1492
 276 81.5357 668 666 13468 13466 1489 1493
 277 81.833 668 666 13468 13466 1489 1493
 278 82.1241 666 668 13471 13463 1488 1494
 279 82.4182 662 672 13474 13460 1489 1493
 280 82.7461 644 690 13491 13443 1490 1492
 281 83.0404 642 692 13493 13441 1490 1492
 282 83.3272 640 694 13494 13440 1491 1491
 283 83.6272 668 666 13466 13468 1491 1491
 284 83.8912 666 668 13468 13466 1491 1491
 285 84.1629 662 672 13474 13460 1489 1493
 286 84.4674 654 680 13482 13452 1489 1493
 287 84.7897 658 676 13476 13458 1491 1491
 288 85.0746 656 678 13480 13454 1489 1493
 289 85.399 650 684 13486 13448 1489 1493
 290 85.6933 662 672 13476 13458 1487 1495
 291 86.0148 688 646 13452 13482 1485 1497
 292 86.3125 666 668 13474 13460 1485 1497
 293 86.5989 656 678 13484 13450 1485 1497
 294 86.846 654 680 13486 13448 1485 1497
 295 87.1135 662 672 13477 13457 1486 1496
 296 87.4211 664 670 13477 13457 1484 1498
 297 87.7029 686 648 13455 13479 1484 1498
 298 88.0016 692 642 13449 13485 1484 1498
 299 88.3042 682 652 13460 13474 1483 1499
 300 88.597 662 672 13480 13454 1483 1499
 301 88.8513 668 666 13475 13459 1482 1500
 302 89.1632 676 658 13468 13466 1481 1501
 303 89.4417 662 672 13482 13452 1481 1501
 304 89.7537 660 674 13486 13448 1479 1503
 305 90.0927 658 676 13488 13446 1479 1503
 306 90.4023 658 676 13488 13446 1479 1503
 307 90.7031 654 680 13492 13442 1479 1503
 308 91.0109 666 668 13480 13454 1479 1503
 309 91.3196 664 670 13484 13450 1477 1505
 310 91.6372 676 658 13474 13460 1475 1507
 311 91.9705 676 658 13474 13460 1475 1507
 312 92.2688 674 660 13474 13460 1477 1505
 313 92.5776 664 670 13483 13451 1478 1504
 314 92.8564 656 678 13492 13442 1477 1505
 315 93.1531 660 674 13487 13447 1478 1504
 316 93.4489 664 670 13481 13453 1480 1502
 317 93.7386 662 672 13485 13449 1478 1504
 318 94.0832 662 672 13485 13449 1478 1504
 319 94.3741 682 652 13465 13469 1478 1504
 320 94.6939 666 668 13480 13454 1479 1503
 321 94.9699 664 670 13484 13450 1477 1505
 322 95.2621 664 670 13485 13449 1476 1506
 323 95.5803 658 676 13490 13444 1477 1505
 324 95.8724 648 686 13499 13435 1478 1504
 325 96.169 658 676 13490 13444 1477 1505
 326 96.4587 660 674 13488 13446 1477 1505
 327 96.7852 676 658 13471 13463 1478 1504
 328 97.091 680 654 13466 13468 1479 1503
 329 97.4258 684 650 13461 13473 1480 1502
 330 97.7276 692 642 13453 13481 1480 1502
 331 98.0126 700 634 13446 13488 1479 1503
 332 98.3146 676 658 13469 13465 1480 1502
 333 98.6302 666 668 13479 13455 1480 1502
 334 98.9179 658 676 13484 13450 1483 1499
 335 99.1919 640 694 13502 13432 1483 1499
 336 99.5345 648 686 13495 13439 1482 1500
 337 99.8564 646 688 13496 13438 1483 1499
 338 100.211 672 662 13471 13463 1482 1500
 339 100.516 672 662 13472 13462 1481 1501
 340 100.819 674 660 13469 13465 1482 1500
 341 101.133 686 648 13457 13477 1482 1500
 342 101.45 676 658 13468 13466 1481 1501
 343 101.755 666 668 13478 13456 1481 1501
 344 102.036 676 658 13467 13467 1482 1500
 345 102.317 676 658 13467 13467 1482 1500
 346 102.604 676 658 13466 13468 1483 1499
 347 102.859 672 662 13469 13465 1484 1498
 348 103.155 668 666 13473 13461 1484 1498
 349 103.469 670 664 13472 13462 1483 1499
 350 103.75 672 662 13471 13463 1482 1500
 351 104.019 676 658 13468 13466 1481 1501
 352 104.335 662 672 13482 13452 1481 1501
 353 104.589 646 688 13497 13437 1482 1500
 354 104.925 646 688 13496 13438 1483 1499
 355 105.206 660 674 13482 13452 1483 1499
 356 105.486 668 666 13474 13460 1483 1499
 357 105.814 664 670 13478 13456 1483 1499
 358 106.112 642 692 13500 13434 1483 1499
 359 106.42 648 686 13494 13440 1483 1499
 360 106.73 662 672 13481 13453 1482 1500
 361 107.024 672 662 13472 13462 1481 1501
 362 107.333 678 656 13466 13468 1481 1501
 363 107.68 672 662 13473 13461 1480 1502
 364 107.931 696 638 13450 13484 1479 1503
 365 108.255 702 632 13444 13490 1479 1503
 366 108.541 686 648 13459 13475 1480 1502
 367 108.868 672 662 13473 13461 1480 1502
 368 109.222 660 674 13486 13448 1479 1503
 369 109.53 672 662 13473 13461 1480 1502
 370 109.822 658 676 13487 13447 1480 1502
 371 110.09 652 682 13493 13441 1480 1502
 372 110.41 670 664 13474 13460 1481 1501
 373 110.735 672 662 13471 13463 1482 1500
 374 111.056 670 664 13474 13460 1481 1501
 375 111.339 646 688 13497 13437 1482 1500
 376 111.639 644 690 13500 13434 1481 1501
 377 111.949 634 700 13511 13423 1480 1502
 378 112.26 634 700 13510 13424 1481 1501
 379 112.566 644 690 13503 13431 1478 1504
 380 112.856 652 682 13495 13439 1478 1504
 381 113.175 630 704 13519 13415 1476 1506
 382 113.482 626 708 13523 13411 1476 1506
 383 113.762 646 688 13503 13431 1476 1506
 384 114.042 650 684 13499 13435 1476 1506
 385 114.376 676 658 13472 13462 1477 1505
 386 114.708 666 668 13482 13452 1477 1505
 387 115.007 656 678 13493 13441 1476 1506
 388 115.28 660 674 13489 13445 1476 1506
 389 115.566 670 664 13479 13455 1476 1506
 390 115.865 658 676 13487 13447 1480 1502
 391 116.146 648 686 13497 13437 1480 1502
 392 116.48 638 696 13508 13426 1479 1503
 393 116.784 644 690 13502 13432 1479 1503
 394 117.1 680 654 13468 13466 1477 1505
 395 117.415 672 662 13476 13458 1477 1505
 396 117.708 670 664 13477 13457 1478 1504
 397 117.961 670 664 13477 13457 1478 1504
 398 118.273 670 664 13477 13457 1478 1504
 399 118.559 670 664 13477 13457 1478 1504
 400 118.862 684 650 13464 13470 1477 1505
 401 119.147 680 654 13469 13465 1476 1506
 402 119.419 682 652 13468 13466 1475 1507
 403 119.68 674 660 13477 13457 1474 1508
 404 119.967 690 644 13463 13471 1472 1510
 405 120.253 690 644 13463 13471 1472 1510
 406 120.562 694 640 13457 13477 1474 1508
 407 120.844 692 642 13459 13475 1474 1508
 408 121.13 692 642 13460 13474 1473 1509
 409 121.399 682 652 13471 13463 1472 1510
 410 121.702 678 656 13475 13459 1472 1510
 411 122.012 668 666 13486 13448 1471 1511
 412 122.357 656 678 13499 13435 1470 1512
 413 122.645 656 678 13497 13437 1472 1510
 414 122.951 652 682 13501 13433 1472 1510
 415 123.25 654 680 13498 13436 1473 1509
 416 123.511 668 666 13485 13449 1472 1510
 417 123.802 682 652 13470 13464 1473 1509
 418 124.105 672 662 13479 13455 1474 1508
 419 124.408 678 656 13474 13460 1473 1509
 420 124.689 672 662 13479 13455 1474 1508
 421 125.014 686 648 13465 13469 1474 1508
 422 125.307 654 680 13497 13437 1474 1508
 423 125.624 636 698 13517 13417 1472 1510
 424 125.934 644 690 13507 13427 1474 1508
 425 126.276 642 692 13509 13425 1474 1508
 426 126.572 644 690 13508 13426 1473 1509
 427 126.848 638 696 13515 13419 1472 1510
 428 127.143 658 676 13495 13439 1472 1510
 429 127.463 658 676 13495 13439 1472 1510
 430 127.744 678 656 13476 13458 1471 1511
 431 128.053 674 660 13480 13454 1471 1511
 432 128.332 662 672 13492 13442 1471 1511
 433 128.62 656 678 13497 13437 1472 1510
 434 128.905 680 654 13474 13460 1471 1511
 435 129.185 682 652 13473 13461 1470 1512
 436 129.486 670 664 13485 13449 1470 1512
 437 129.786 648 686 13506 13428 1471 1511
 438 130.089 662 672 13492 13442 1471 1511
 439 130.355 670 664 13485 13449 1470 1512
 440 130.622 660 674 13495 13439 1470 1512
 441 130.942 676 658 13478 13456 1471 1511
 442 131.194 674 660 13481 13453 1470 1512
 443 131.497 666 668 13490 13444 1469 1513
 444 131.776 656 678 13498 13436 1471 1511
 445 132.088 664 670 13491 13443 1470 1512
 446 132.371 658 676 13496 13438 1471 1511
 447 132.669 658 676 13497 13437 1470 1512
 448 132.914 670 664 13485 13449 1470 1512
 449 133.227 660 674 13494 13440 1471 1511
 450 133.55 660 674 13494 13440 1471 1511
 451 133.843 664 670 13491 13443 1470 1512
 452 134.156 650 684 13505 13429 1470 1512
 453 134.441 644 690 13511 13423 1470 1512
 454 134.778 660 674 13493 13441 1472 1510
 455 135.072 668 666 13486 13448 1471 1511
 456 135.403 662 672 13492 13442 1471 1511
 457 135.703 658 676 13495 13439 1472 1510
 458 136.004 670 664 13484 13450 1471 1511
 459 136.302 648 686 13506 13428 1471 1511
 460 136.62 668 666 13488 13446 1469 1513
 461 136.955 652 682 13502 13432 1471 1511
 462 137.241 638 696 13516 13418 1471 1511
 463 137.547 668 666 13486 13448 1471 1511
 464 137.832 664 670 13490 13444 1471 1511
 465 138.122 650 684 13502 13432 1473 1509
 466 138.417 670 664 13482 13452 1473 1509
 467 138.694 682 652 13469 13465 1474 1508
 468 139.017 680 654 13471 13463 1474 1508
 469 139.33 702 632 13450 13484 1473 1509
 470 139.613 682 652 13469 13465 1474 1508
 471 139.95 672 662 13477 13457 1476 1506
 472 140.197 658 676 13490 13444 1477 1505
 473 140.52 662 672 13487 13447 1476 1506
 474 140.846 642 692 13508 13426 1475 1507
 475 141.189 640 694 13511 13423 1474 1508
 476 141.471 646 688 13504 13430 1475 1507
 477 141.748 656 678 13494 13440 1475 1507
 478 142.026 664 670 13484 13450 1477 1505
 479 142.334 662 672 13485 13449 1478 1504
 480 142.627 670 664 13477 13457 1478 1504
 481 142.895 680 654 13468 13466 1477 1505
 482 143.203 686 648 13462 13472 1477 1505
 483 143.507 688 646 13461 13473 1476 1506
 484 143.79 700 634 13449 13485 1476 1506
 485 144.07 692 642 13456 13478 1477 1505
 486 144.357 684 650 13462 13472 1479 1503
 487 144.657 690 644 13459 13475 1476 1506
 488 144.935 668 666 13482 13452 1475 1507
 489 145.212 646 688 13501 13433 1478 1504
 490 145.508 668 666 13478 13456 1479 1503
 491 145.802 664 670 13482 13452 1479 1503
 492 146.086 676 658 13472 13462 1477 1505
 493 146.376 642 692 13506 13428 1477 1505
 494 146.629 658 676 13488 13446 1479 1503
 495 146.961 664 670 13482 13452 1479 1503
 496 147.243 678 656 13469 13465 1478 1504
 497 147.454 678 656 13471 13463 1476 1506
 498 147.743 678 656 13471 13463 1476 1506
 499 148.015 668 666 13479 13455 1478 1504
 500 148.324 682 652 13466 13468 1477 1505
 501 148.636 692 642 13453 13481 1480 1502
 502 148.89 670 664 13474 13460 1481 1501
 503 149.175 686 648 13461 13473 1478 1504
 504 149.449 696 638 13451 13483 1478 1504
 505 149.757 684 650 13459 13475 1482 1500
 506 150.072 694 640 13449 13485 1482 1500
 507 150.351 676 658 13467 13467 1482 1500
 508 150.63 666 668 13477 13457 1482 1500
 509 150.898 642 692 13503 13431 1480 1502
 510 151.202 664 670 13481 13453 1480 1502
 511 151.494 660 674 13484 13450 1481 1501
 512 151.772 678 656 13467 13467 1480 1502
 513 152.064 672 662 13474 13460 1479 1503
 514 152.313 644 690 13502 13432 1479 1503
 515 152.633 654 680 13492 13442 1479 1503
 516 152.943 664 670 13482 13452 1479 1503
 517 153.261 672 662 13475 13459 1478 1504
 518 153.528 672 662 13476 13458 1477 1505
 519 153.824 668 666 13479 13455 1478 1504
 520 154.122 666 668 13479 13455 1480 1502
 521 154.442 672 662 13475 13459 1478 1504
 522 154.73 670 664 13475 13459 1480 1502
 523 155.029 652 682 13494 13440 1479 1503
 524 155.329 664 670 13482 13452 1479 1503
 525 155.659 648 686 13497 13437 1480 1502
 526 155.949 662 672 13485 13449 1478 1504
 527 156.277 658 676 13490 13444 1477 1505
 528 156.584 662 672 13486 13448 1477 1505
 529 156.882 678 656 13470 13464 1477 1505
 530 157.177 672 662 13476 13458 1477 1505
 531 157.464 700 634 13449 13485 1476 1506
 532 157.747 690 644 13460 13474 1475 1507
 533 158.077 702 632 13448 13486 1475 1507
 534 158.396 700 634 13450 13484 1475 1507
 535 158.687 682 652 13468 13466 1475 1507
 536 158.997 672 662 13478 13456 1475 1507
 537 159.323 676 658 13473 13461 1476 1506
 538 159.649 680 654 13468 13466 1477 1505
 539 159.981 682 652 13466 13468 1477 1505
 540 160.332 688 646 13461 13473 1476 1506
 541 160.606 666 668 13481 13453 1478 1504
 542 160.913 662 672 13484 13450 1479 1503
 543 161.166 660 674 13486 13448 1479 1503
 544 161.475 682 652 13465 13469 1478 1504
 545 161.796 682 652 13466 13468 1477 1505
 546 162.098 658 676 13490 13444 1477 1505
 547 162.4 678 656 13471 13463 1476 1506
 548 162.677 682 652 13468 13466 1475 1507
 549 162.968 676 658 13472 13462 1477 1505
 550 163.281 666 668 13483 13451 1476 1506
 551 163.547 670 664 13477 13457 1478 1504
 552 163.866 682 652 13467 13467 1476 1506
 553 164.175 696 638 13454 13480 1475 1507
 554 164.462 696 638 13453 13481 1476 1506
 555 164.755 680 654 13469 13465 1476 1506
 556 165.028 692 642 13459 13475 1474 1508
 557 165.324 680 654 13472 13462 1473 1509
 558 165.598 680 654 13471 13463 1474 1508
 559 165.914 658 676 13494 13440 1473 1509
 560 166.23 648 686 13503 13431 1474 1508
 561 166.538 638 696 13515 13419 1472 1510
 562 166.81 640 694 13515 13419 1470 1512
 563 167.131 650 684 13507 13427 1468 1514
 564 167.473 666 668 13491 13443 1468 1514
 565 167.781 652 682 13504 13430 1469 1513
 566 168.052 670 664 13486 13448 1469 1513
 567 168.389 674 660 13482 13452 1469 1513
 568 168.682 684 650 13471 13463 1470 1512
 569 168.995 704 630 13450 13484 1471 1511
 570 169.289 690 644 13466 13468 1469 1513
 571 169.543 694 640 13460 13474 1471 1511
 572 169.831 698 636 13456 13478 1471 1511
 573 170.109 666 668 13488 13446 1471 1511
 574 170.429 670 664 13482 13452 1473 1509
 575 170.739 656 678 13495 13439 1474 1508
 576 171.03 672 662 13480 13454 1473 1509
 577 171.324 674 660 13478 13456 1473 1509
 578 171.602 692 642 13460 13474 1473 1509
 579 171.889 668 666 13484 13450 1473 1509
 580 172.196 658 676 13497 13437 1470 1512
 581 172.472 690 644 13465 13469 1470 1512
 582 172.792 668 666 13486 13448 1471 1511
 583 173.109 672 662 13483 13451 1470 1512
 584 173.418 680 654 13475 13459 1470 1512
 585 173.695 676 658 13480 13454 1469 1513
 586 173.988 662 672 13493 13441 1470 1512
 587 174.274 672 662 13483 13451 1470 1512
 588 174.562 664 670 13493 13441 1468 1514
 589 174.86 674 660 13483 13451 1468 1514
 590 175.156 654 680 13502 13432 1469 1513
 591 175.447 668 666 13489 13445 1468 1514
 592 175.73 666 668 13492 13442 1467 1515
 593 176.005 674 660 13483 13451 1468 1514
 594 176.306 682 652 13473 13461 1470 1512
 595 176.63 666 668 13491 13443 1468 1514
 596 176.919 662 672 13496 13438 1467 1515
 597 177.191 652 682 13508 13426 1465 1517
 598 177.482 652 682 13509 13425 1464 1518
 599 177.812 632 702 13528 13406 1465 1517
 600 178.106 642 692 13518 13416 1465 1517
 601 178.385 646 688 13516 13418 1463 1519
 602 178.658 656 678 13506 13428 1463 1519
 603 178.962 656 678 13506 13428 1463 1519
 604 179.259 656 678 13507 13427 1462 1520
 605 179.565 662 672 13503 13431 1460 1522
 606 179.844 644 690 13522 13412 1459 1523
 607 180.161 628 706 13534 13400 1463 1519
 608 180.458 650 684 13513 13421 1462 1520
 609 180.756 642 692 13522 13412 1461 1521
 610 181.03 654 680 13510 13424 1461 1521
 611 181.295 642 692 13523 13411 1460 1522
 612 181.568 662 672 13505 13429 1458 1524
 613 181.82 644 690 13524 13410 1457 1525
 614 182.122 644 690 13525 13409 1456 1526
 615 182.414 648 686 13520 13414 1457 1525
 616 182.704 646 688 13524 13410 1455 1527
 617 182.99 666 668 13504 13430 1455 1527
 618 183.284 658 676 13510 13424 1457 1525
 619 183.547 656 678 13513 13421 1456 1526
 620 183.848 674 660 13494 13440 1457 1525
 621 184.163 680 654 13486 13448 1459 1523
 622 184.437 662 672 13505 13429 1458 1524
 623 184.735 676 658 13491 13443 1458 1524
 624 185.012 678 656 13489 13445 1458 1524
 625 185.327 660 674 13506 13428 1459 1523
 626 185.586 662 672 13505 13429 1458 1524
 627 185.902 666 668 13500 13434 1459 1523
 628 186.151 678 656 13489 13445 1458 1524
 629 186.422 656 678 13512 13422 1457 1525
 630 186.724 662 672 13505 13429 1458 1524
 631 187.014 648 686 13519 13415 1458 1524
 632 187.294 666 668 13500 13434 1459 1523
 633 187.549 672 662 13494 13440 1459 1523
 634 187.847 666 668 13501 13433 1458 1524
 635 188.126 670 664 13498 13436 1457 1525
 636 188.419 672 662 13495 13439 1458 1524
 637 188.717 644 690 13523 13411 1458 1524
 638 189.024 652 682 13514 13420 1459 1523
 639 189.316 650 684 13517 13417 1458 1524
 640 189.613 658 676 13507 13427 1460 1522
 641 189.914 650 684 13516 13418 1459 1523
 642 190.216 664 670 13501 13433 1460 1522
 643 190.467 656 678 13507 13427 1462 1520
 644 190.745 656 678 13508 13426 1461 1521
 645 191.047 660 674 13503 13431 1462 1520
 646 191.319 656 678 13507 13427 1462 1520
 647 191.598 660 674 13504 13430 1461 1521
 648 191.868 646 688 13518 13416 1461 1521
 649 192.14 654 680 13511 13423 1460 1522
 650 192.465 656 678 13507 13427 1462 1520
 651 192.777 654 680 13509 13425 1462 1520
 652 193.031 674 660 13489 13445 1462 1520
 653 193.3 670 664 13495 13439 1460 1522
 654 193.62 668 666 13497 13437 1460 1522
 655 193.885 670 664 13494 13440 1461 1521
 656 194.166 686 648 13478 13456 1461 1521
 657 194.424 676 658 13488 13446 1461 1521
 658 194.731 650 684 13515 13419 1460 1522
 659 195.037 666 668 13498 13436 1461 1521
 660 195.368 658 676 13504 13430 1463 1519
 661 195.665 676 658 13486 13448 1463 1519
 662 195.935 680 654 13483 13451 1462 1520
 663 196.262 674 660 13489 13445 1462 1520
 664 196.537 666 668 13497 13437 1462 1520
 665 196.82 670 664 13492 13442 1463 1519
 666 197.114 652 682 13507 13427 1466 1516
 667 197.399 664 670 13494 13440 1467 1515
 668 197.691 668 666 13488 13446 1469 1513
 669 198.01 672 662 13484 13450 1469 1513
 670 198.348 672 662 13484 13450 1469 1513
 671 198.64 672 662 13483 13451 1470 1512
 672 198.935 666 668 13488 13446 1471 1511
 673 199.202 676 658 13476 13458 1473 1509
 674 199.516 664 670 13488 13446 1473 1509
 675 199.837 652 682 13501 13433 1472 1510
 676 200.134 660 674 13494 13440 1471 1511
 677 200.452 660 674 13492 13442 1473 1509
 678 200.744 642 692 13507 13427 1476 1506
 679 200.981 640 694 13508 13426 1477 1505
 680 201.328 644 690 13504 13430 1477 1505
 681 201.609 646 688 13501 13433 1478 1504
 682 201.909 650 684 13498 13436 1477 1505
 683 202.155 660 674 13488 13446 1477 1505
 684 202.431 644 690 13506 13428 1475 1507
 685 202.722 664 670 13485 13449 1476 1506
 686 203.01 652 682 13496 13438 1477 1505
 687 203.308 654 680 13493 13441 1478 1504
 688 203.599 636 698 13509 13425 1480 1502
 689 203.886 642 692 13501 13433 1482 1500
 690 204.159 656 678 13487 13447 1482 1500
 691 204.449 652 682 13491 13443 1482 1500
 692 204.759 662 672 13480 13454 1483 1499
 693 205.031 662 672 13480 13454 1483 1499
 694 205.324 658 676 13483 13451 1484 1498
 695 205.677 638 696 13503 13431 1484 1498
 696 205.971 642 692 13497 13437 1486 1496
 697 206.231 666 668 13473 13461 1486 1496
 698 206.522 676 658 13463 13471 1486 1496
 699 206.806 668 666 13472 13462 1485 1497
 700 207.101 666 668 13475 13459 1484 1498
 701 207.414 664 670 13475 13459 1486 1496
 702 207.739 680 654 13459 13475 1486 1496
 703 208.036 674 660 13465 13469 1486 1496
 704 208.314 684 650 13455 13479 1486 1496
 705 208.628 672 662 13467 13467 1486 1496
 706 208.968 658 676 13481 13453 1486 1496
 707 209.226 672 662 13466 13468 1487 1495
 708 209.527 668 666 13470 13464 1487 1495
 709 209.817 658 676 13480 13454 1487 1495
 710 210.131 646 688 13491 13443 1488 1494
 711 210.491 652 682 13486 13448 1487 1495
 712 210.787 658 676 13482 13452 1485 1497
 713 211.066 672 662 13469 13465 1484 1498
 714 211.374 666 668 13475 13459 1484 1498
 715 211.665 682 652 13460 13474 1483 1499
 716 211.965 662 672 13479 13455 1484 1498
 717 212.215 672 662 13471 13463 1482 1500
 718 212.541 660 674 13485 13449 1480 1502
 719 212.901 678 656 13469 13465 1478 1504
 720 213.162 666 668 13481 13453 1478 1504
 721 213.432 658 676 13490 13444 1477 1505
 722 213.746 664 670 13485 13449 1476 1506
 723 214.045 642 692 13508 13426 1475 1507
 724 214.35 656 678 13496 13438 1473 1509
 725 214.619 678 656 13475 13459 1472 1510
 726 214.915 678 656 13474 13460 1473 1509
 727 215.218 668 666 13485 13449 1472 1510
 728 215.506 656 678 13498 13436 1471 1511
 729 215.839 662 672 13490 13444 1473 1509
 730 216.122 684 650 13468 13466 1473 1509
 731 216.374 684 650 13467 13467 1474 1508
 732 216.673 654 680 13497 13437 1474 1508
 733 216.975 662 672 13490 13444 1473 1509
 734 217.284 668 666 13488 13446 1469 1513
 735 217.593 674 660 13482 13452 1469 1513
 736 217.925 664 670 13492 13442 1469 1513
 737 218.213 664 670 13492 13442 1469 1513
 738 218.534 664 670 13492 13442 1469 1513
 739 218.828 684 650 13471 13463 1470 1512
 740 219.146 662 672 13492 13442 1471 1511
 741 219.413 660 674 13493 13441 1472 1510
 742 219.698 648 686 13504 13430 1473 1509
 743 220.019 650 684 13501 13433 1474 1508
 744 220.27 638 696 13513 13421 1474 1508
 745 220.567 646 688 13507 13427 1472 1510
 746 220.861 638 696 13515 13419 1472 1510
 747 221.163 654 680 13498 13436 1473 1509
 748 221.452 646 688 13505 13429 1474 1508
 749 221.752 666 668 13484 13450 1475 1507
 750 222.048 656 678 13495 13439 1474 1508
 751 222.351 658 676 13493 13441 1474 1508
 752 222.618 650 684 13502 13432 1473 1509
 753 222.932 666 668 13487 13447 1472 1510
 754 223.265 666 668 13487 13447 1472 1510
 755 223.557 672 662 13481 13453 1472 1510
 756 223.833 680 654 13473 13461 1472 1510
 757 224.127 688 646 13464 13470 1473 1509
 758 224.439 646 688 13506 13428 1473 1509
 759 224.714 654 680 13499 13435 1472 1510
 760 225.041 670 664 13482 13452 1473 1509
 761 225.307 662 672 13489 13445 1474 1508
 762 225.567 636 698 13516 13418 1473 1509
 763 225.824 654 680 13498 13436 1473 1509
 764 226.1 658 676 13494 13440 1473 1509
 765 226.409 672 662 13482 13452 1471 1511
 766 226.664 670 664 13486 13448 1469 1513
 767 226.958 662 672 13491 13443 1472 1510
 768 227.267 662 672 13490 13444 1473 1509
 769 227.619 666 668 13487 13447 1472 1510
 770 227.909 658 676 13496 13438 1471 1511
 771 228.187 660 674 13495 13439 1470 1512
 772 228.488 668 666 13487 13447 1470 1512
 773 228.787 668 666 13489 13445 1468 1514
 774 229.12 670 664 13485 13449 1470 1512
 775 229.45 662 672 13493 13441 1470 1512
 776 229.746 676 658 13479 13455 1470 1512
 777 230.058 690 644 13463 13471 1472 1510
 778 230.356 688 646 13466 13468 1471 1511
 779 230.628 676 658 13478 13456 1471 1511
 780 230.905 676 658 13481 13453 1468 1514
 781 231.241 670 664 13487 13447 1468 1514
 782 231.504 674 660 13484 13450 1467 1515
 783 231.747 678 656 13480 13454 1467 1515
 784 232.056 670 664 13489 13445 1466 1516
 785 232.391 674 660 13485 13449 1466 1516
 786 232.673 658 676 13501 13433 1466 1516
 787 232.962 672 662 13485 13449 1468 1514
 788 233.267 696 638 13460 13474 1469 1513
 789 233.567 686 648 13469 13465 1470 1512
 790 233.816 698 636 13456 13478 1471 1511
 791 234.129 690 644 13463 13471 1472 1510
 792 234.412 682 652 13473 13461 1470 1512
 793 234.687 660 674 13495 13439 1470 1512
 794 235.009 650 684 13504 13430 1471 1511
 795 235.295 650 684 13503 13431 1472 1510
 796 235.55 668 666 13485 13449 1472 1510
 797 235.831 664 670 13489 13445 1472 1510
 798 236.143 664 670 13489 13445 1472 1510
 799 236.439 658 676 13494 13440 1473 1509
 800 236.716 654 680 13498 13436 1473 1509
 801 237.015 648 686 13503 13431 1474 1508
 802 237.303 644 690 13506 13428 1475 1507
 803 237.571 646 688 13504 13430 1475 1507
 804 237.864 642 692 13509 13425 1474 1508
 805 238.155 664 670 13487 13447 1474 1508
 806 238.44 650 684 13500 13434 1475 1507
 807 238.758 666 668 13486 13448 1473 1509
 808 239.035 656 678 13494 13440 1475 1507
 809 239.292 648 686 13503 13431 1474 1508
 810 239.581 680 654 13470 13464 1475 1507
 811 239.836 668 666 13482 13452 1475 1507
 812 240.164 612 722 13535 13399 1478 1504
 813 240.492 598 736 13548 13386 1479 1503
 814 240.76 614 720 13531 13403 1480 1502
 815 241.047 642 692 13502 13432 1481 1501
 816 241.353 654 680 13489 13445 1482 1500
 817 241.673 658 676 13485 13449 1482 1500
 818 241.991 662 672 13481 13453 1482 1500
 819 242.263 650 684 13494 13440 1481 1501
 820 242.562 654 680 13491 13443 1480 1502
 821 242.885 658 676 13487 13447 1480 1502
 822 243.186 672 662 13471 13463 1482 1500
 823 243.464 672 662 13471 13463 1482 1500
 824 243.768 672 662 13471 13463 1482 1500
 825 244.053 672 662 13471 13463 1482 1500
 826 244.333 664 670 13479 13455 1482 1500
 827 244.612 664 670 13479 13455 1482 1500
 828 244.882 674 660 13467 13467 1484 1498
 829 245.166 694 640 13446 13488 1485 1497
 830 245.442 676 658 13463 13471 1486 1496
 831 245.741 686 648 13454 13480 1485 1497
 832 246.027 670 664 13471 13463 1484 1498
 833 246.283 690 644 13450 13484 1485 1497
 834 246.586 680 654 13460 13474 1485 1497
 835 246.844 664 670 13477 13457 1484 1498
 836 247.142 650 684 13491 13443 1484 1498
 837 247.432 638 696 13503 13431 1484 1498
 838 247.739 654 680 13487 13447 1484 1498
 839 248.01 662 672 13480 13454 1483 1499
 840 248.295 656 678 13485 13449 1484 1498
 841 248.589 670 664 13471 13463 1484 1498
 842 248.844 686 648 13457 13477 1482 1500
 843 249.116 700 634 13445 13489 1480 1502
 844 249.393 684 650 13460 13474 1481 1501
 845 249.696 668 666 13476 13458 1481 1501
 846 249.966 668 666 13476 13458 1481 1501
 847 250.259 664 670 13478 13456 1483 1499
 848 250.503 660 674 13484 13450 1481 1501
 849 250.778 668 666 13475 13459 1482 1500
 850 251.071 660 674 13481 13453 1484 1498
 851 251.363 654 680 13487 13447 1484 1498
 852 251.643 662 672 13478 13456 1485 1497
 853 251.923 664 670 13475 13459 1486 1496
 854 252.227 668 666 13471 13463 1486 1496
 855 252.532 684 650 13456 13478 1485 1497
 856 252.82 686 648 13453 13481 1486 1496
 857 253.131 686 648 13455 13479 1484 1498
 858 253.419 672 662 13470 13464 1483 1499
 859 253.714 690 644 13453 13481 1482 1500
 860 253.982 680 654 13463 13471 1482 1500
 861 254.294 672 662 13471 13463 1482 1500
 862 254.596 688 646 13453 13481 1484 1498
 863 254.922 682 652 13457 13477 1486 1496
 864 255.223 692 642 13448 13486 1485 1497
 865 255.496 696 638 13445 13489 1484 1498
 866 255.819 662 672 13480 13454 1483 1499
 867 256.15 666 668 13475 13459 1484 1498
 868 256.426 662 672 13479 13455 1484 1498
 869 256.694 664 670 13478 13456 1483 1499
 870 257.017 662 672 13479 13455 1484 1498
 871 257.292 674 660 13465 13469 1486 1496
 872 257.571 682 652 13456 13478 1487 1495
 873 257.851 666 668 13470 13464 1489 1493
 874 258.124 656 678 13482 13452 1487 1495
 875 258.415 654 680 13484 13450 1487 1495
 876 258.707 672 662 13466 13468 1487 1495
 877 258.992 686 648 13450 13484 1489 1493
 878 259.269 674 660 13460 13474 1491 1491
 879 259.569 666 668 13470 13464 1489 1493
 880 259.875 668 666 13470 13464 1487 1495
 881 260.185 664 670 13470 13464 1491 1491
 882 260.453 640 694 13492 13442 1493 1489
 883 260.724 654 680 13477 13457 1494 1488
 884 261.015 656 678 13475 13459 1494 1488
 885 261.262 646 688 13484 13450 1495 1487
 886 261.595 656 678 13475 13459 1494 1488
 887 261.891 650 684 13482 13452 1493 1489
 888 262.213 666 668 13466 13468 1493 1489
 889 262.499 660 674 13473 13461 1492 1490
 890 262.793 664 670 13470 13464 1491 1491
 891 263.052 670 664 13466 13468 1489 1493
 892 263.362 684 650 13454 13480 1487 1495
 893 263.649 672 662 13466 13468 1487 1495
 894 263.966 652 682 13485 13449 1488 1494
 895 264.266 664 670 13473 13461 1488 1494
 896 264.551 668 666 13470 13464 1487 1495
 897 264.877 654 680 13483 13451 1488 1494
 898 265.147 664 670 13473 13461 1488 1494
 899 265.438 676 658 13460 13474 1489 1493
 900 265.743 692 642 13444 13490 1489 1493
 901 266.038 660 674 13476 13458 1489 1493
 902 266.32 658 676 13480 13454 1487 1495
 903 266.599 634 700 13504 13430 1487 1495
 904 266.871 656 678 13482 13452 1487 1495
 905 267.153 676 658 13462 13472 1487 1495
 906 267.436 672 662 13463 13471 1490 1492
 907 267.703 672 662 13462 13472 1491 1491
 908 267.987 672 662 13463 13471 1490 1492
 909 268.261 680 654 13454 13480 1491 1491
 910 268.578 688 646 13448 13486 1489 1493
 911 268.843 672 662 13466 13468 1487 1495
 912 269.126 672 662 13463 13471 1490 1492
 913 269.441 656 678 13477 13457 1492 1490
 914 269.734 668 666 13464 13470 1493 1489
 915 270.002 676 658 13458 13476 1491 1491
 916 270.29 676 658 13458 13476 1491 1491
 917 270.562 648 686 13486 13448 1491 1491
 918 270.896 660 674 13474 13460 1491 1491
 919 271.204 662 672 13471 13463 1492 1490
 920 271.499 648 686 13485 13449 1492 1490
 921 271.779 658 676 13475 13459 1492 1490
 922 272.087 662 672 13472 13462 1491 1491
 923 272.426 656 678 13478 13456 1491 1491
 924 272.731 664 670 13472 13462 1489 1493
 925 272.982 660 674 13475 13459 1490 1492
 926 273.281 666 668 13470 13464 1489 1493
 927 273.584 672 662 13465 13469 1488 1494
 928 273.863 666 668 13470 13464 1489 1493
 929 274.176 676 658 13461 13473 1488 1494
 930 274.47 668 666 13469 13465 1488 1494
 931 274.755 672 662 13466 13468 1487 1495
 932 275.091 670 664 13467 13467 1488 1494
 933 275.396 678 656 13459 13475 1488 1494
 934 275.656 680 654 13458 13476 1487 1495
 935 275.939 680 654 13459 13475 1486 1496
 936 276.25 686 648 13453 13481 1486 1496
 937 276.524 684 650 13455 13479 1486 1496
 938 276.812 696 638 13444 13490 1485 1497
 939 277.091 680 654 13460 13474 1485 1497
 940 277.393 662 672 13479 13455 1484 1498
 941 277.669 670 664 13471 13463 1484 1498
 942 277.988 676 658 13465 13469 1484 1498
 943 278.279 688 646 13453 13481 1484 1498
 944 278.558 698 636 13444 13490 1483 1499
 945 278.883 702 632 13441 13493 1482 1500
 946 279.174 682 652 13462 13472 1481 1501
 947 279.463 690 644 13454 13480 1481 1501
 948 279.739 698 636 13442 13492 1485 1497
 949 280.027 692 642 13448 13486 1485 1497
 950 280.349 678 656 13463 13471 1484 1498
 951 280.653 686 648 13455 13479 1484 1498
 952 280.941 688 646 13453 13481 1484 1498
 953 281.207 684 650 13457 13477 1484 1498
 954 281.467 682 652 13457 13477 1486 1496
 955 281.731 694 640 13445 13489 1486 1496
 956 282.033 706 628 13433 13501 1486 1496
 957 282.328 680 654 13461 13473 1484 1498
 958 282.645 676 658 13465 13469 1484 1498
 959 282.928 676 658 13466 13468 1483 1499
 960 283.24 678 656 13465 13469 1482 1500
 961 283.535 666 668 13477 13457 1482 1500
 962 283.853 666 668 13476 13458 1483 1499
 963 284.15 662 672 13481 13453 1482 1500
 964 284.449 674 660 13471 13463 1480 1502
 965 284.749 674 660 13471 13463 1480 1502
 966 285.022 674 660 13473 13461 1478 1504
 967 285.328 678 656 13469 13465 1478 1504
 968 285.596 676 658 13471 13463 1478 1504
 969 285.867 684 650 13463 13471 1478 1504
 970 286.155 686 648 13458 13476 1481 1501
 971 286.434 672 662 13473 13461 1480 1502
 972 286.751 672 662 13474 13460 1479 1503
 973 287.018 664 670 13482 13452 1479 1503
 974 287.355 682 652 13464 13470 1479 1503
 975 287.66 694 640 13451 13483 1480 1502
 976 287.982 684 650 13462 13472 1479 1503
 977 288.262 652 682 13493 13441 1480 1502
 978 288.572 662 672 13483 13451 1480 1502
 979 288.828 652 682 13494 13440 1479 1503
 980 289.126 644 690 13502 13432 1479 1503
 981 289.425 640 694 13507 13427 1478 1504
 982 289.751 676 658 13471 13463 1478 1504
 983 290.028 670 664 13476 13458 1479 1503
 984 290.332 654 680 13496 13438 1475 1507
 985 290.602 632 702 13517 13417 1476 1506
 986 290.871 638 696 13511 13423 1476 1506
 987 291.18 650 684 13501 13433 1474 1508
 988 291.474 648 686 13503 13431 1474 1508
 989 291.742 666 668 13484 13450 1475 1507
 990 292.012 684 650 13466 13468 1475 1507
 991 292.285 680 654 13470 13464 1475 1507
 992 292.586 670 664 13481 13453 1474 1508
 993 292.883 670 664 13482 13452 1473 1509
 994 293.177 666 668 13484 13450 1475 1507
 995 293.453 674 660 13477 13457 1474 1508
 996 293.698 682 652 13467 13467 1476 1506
 997 294.017 670 664 13478 13456 1477 1505
 998 294.303 654 680 13494 13440 1477 1505
 999 294.637 626 708 13523 13411 1476 1506
 1000 294.924 624 710 13524 13410 1477 1505
 1001 295.22 646 688 13502 13432 1477 1505
 1002 295.507 652 682 13496 13438 1477 1505
 1003 295.821 664 670 13484 13450 1477 1505
 1004 296.075 654 680 13494 13440 1477 1505
 1005 296.368 668 666 13480 13454 1477 1505
 1006 296.66 682 652 13467 13467 1476 1506
 1007 296.989 682 652 13466 13468 1477 1505
 1008 297.295 678 656 13471 13463 1476 1506
 1009 297.596 682 652 13468 13466 1475 1507
 1010 297.843 688 646 13462 13472 1475 1507
 1011 298.166 684 650 13467 13467 1474 1508
 1012 298.48 674 660 13477 13457 1474 1508
 1013 298.765 670 664 13480 13454 1475 1507
 1014 299.056 666 668 13484 13450 1475 1507
 1015 299.34 664 670 13486 13448 1475 1507
 1016 299.636 666 668 13484 13450 1475 1507
 1017 299.943 682 652 13468 13466 1475 1507
 1018 300.253 670 664 13483 13451 1472 1510
 1019 300.607 664 670 13489 13445 1472 1510
 1020 300.884 680 654 13474 13460 1471 1511
 1021 301.189 684 650 13470 13464 1471 1511
 1022 301.491 688 646 13466 13468 1471 1511
 1023 301.792 676 658 13477 13457 1472 1510
 1024 302.079 670 664 13483 13451 1472 1510
 1025 302.384 656 678 13497 13437 1472 1510
 1026 302.697 660 674 13493 13441 1472 1510
 1027 303.004 670 664 13482 13452 1473 1509
 1028 303.322 658 676 13493 13441 1474 1508
 1029 303.616 646 688 13505 13429 1474 1508
 1030 303.924 644 690 13510 13424 1471 1511
 1031 304.226 650 684 13504 13430 1471 1511
 1032 304.546 656 678 13498 13436 1471 1511
 1033 304.884 662 672 13494 13440 1469 1513
 1034 305.243 660 674 13497 13437 1468 1514
 1035 305.529 656 678 13501 13433 1468 1514
 1036 305.823 672 662 13484 13450 1469 1513
 1037 306.123 664 670 13492 13442 1469 1513
 1038 306.43 656 678 13501 13433 1468 1514
 1039 306.699 656 678 13500 13434 1469 1513
 1040 307.021 656 678 13499 13435 1470 1512
 1041 307.301 664 670 13491 13443 1470 1512
 1042 307.616 678 656 13478 13456 1469 1513
 1043 307.925 664 670 13490 13444 1471 1511
 1044 308.258 660 674 13492 13442 1473 1509
 1045 308.533 670 664 13480 13454 1475 1507
 1046 308.819 662 672 13487 13447 1476 1506
 1047 309.122 662 672 13486 13448 1477 1505
 1048 309.428 654 680 13494 13440 1477 1505
 1049 309.71 648 686 13499 13435 1478 1504
 1050 310.028 656 678 13490 13444 1479 1503
 1051 310.328 656 678 13491 13443 1478 1504
 1052 310.6 670 664 13476 13458 1479 1503
 1053 310.888 672 662 13473 13461 1480 1502
 1054 311.192 682 652 13464 13470 1479 1503
 1055 311.481 682 652 13465 13469 1478 1504
 1056 311.738 674 660 13474 13460 1477 1505
 1057 312.065 684 650 13464 13470 1477 1505
 1058 312.347 670 664 13478 13456 1477 1505
 1059 312.621 682 652 13465 13469 1478 1504
 1060 312.913 676 658 13472 13462 1477 1505
 1061 313.202 682 652 13467 13467 1476 1506
 1062 313.474 672 662 13475 13459 1478 1504
 1063 313.765 644 690 13503 13431 1478 1504
 1064 314.048 674 660 13475 13459 1476 1506
 1065 314.337 662 672 13487 13447 1476 1506
 1066 314.58 680 654 13469 13465 1476 1506
 1067 314.888 666 668 13483 13451 1476 1506
 1068 315.188 664 670 13485 13449 1476 1506
 1069 315.469 658 676 13491 13443 1476 1506
 1070 315.757 656 678 13492 13442 1477 1505
 1071 316.047 662 672 13487 13447 1476 1506
 1072 316.36 646 688 13501 13433 1478 1504
 1073 316.665 636 698 13510 13424 1479 1503
 1074 316.934 630 704 13518 13416 1477 1505
 1075 317.219 630 704 13519 13415 1476 1506
 1076 317.514 634 700 13515 13419 1476 1506
 1077 317.833 628 706 13521 13413 1476 1506
 1078 318.115 638 696 13511 13423 1476 1506
 1079 318.402 632 702 13517 13417 1476 1506
 1080 318.691 628 706 13521 13413 1476 1506
 1081 318.983 630 704 13518 13416 1477 1505
 1082 319.254 666 668 13482 13452 1477 1505
 1083 319.529 654 680 13494 13440 1477 1505
 1084 319.799 656 678 13492 13442 1477 1505
 1085 320.103 644 690 13505 13429 1476 1506
 1086 320.408 656 678 13492 13442 1477 1505
 1087 320.691 652 682 13496 13438 1477 1505
 1088 320.999 666 668 13481 13453 1478 1504
 1089 321.297 672 662 13476 13458 1477 1505
 1090 321.597 670 664 13479 13455 1476 1506
 1091 321.924 676 658 13473 13461 1476 1506
 1092 322.221 682 652 13465 13469 1478 1504
 1093 322.463 662 672 13486 13448 1477 1505
 1094 322.742 656 678 13493 13441 1476 1506
 1095 323.012 666 668 13484 13450 1475 1507
 1096 323.32 652 682 13501 13433 1472 1510
 1097 323.614 672 662 13482 13452 1471 1511
 1098 323.885 662 672 13492 13442 1471 1511
 1099 324.187 658 676 13496 13438 1471 1511
 1100 324.457 664 670 13491 13443 1470 1512
 1101 324.764 674 660 13481 13453 1470 1512
 1102 325.078 678 656 13478 13456 1469 1513
 1103 325.347 680 654 13476 13458 1469 1513
 1104 325.653 674 660 13482 13452 1469 1513
 1105 325.914 670 664 13485 13449 1470 1512
 1106 326.213 668 666 13488 13446 1469 1513
 1107 326.527 658 676 13497 13437 1470 1512
 1108 326.803 654 680 13500 13434 1471 1511
 1109 327.109 650 684 13504 13430 1471 1511
 1110 327.414 654 680 13501 13433 1470 1512
 1111 327.724 662 672 13492 13442 1471 1511
 1112 328.007 670 664 13486 13448 1469 1513
 1113 328.305 666 668 13489 13445 1470 1512
 1114 328.593 664 670 13491 13443 1470 1512
 1115 328.877 646 688 13507 13427 1472 1510
 1116 329.144 628 706 13526 13408 1471 1511
 1117 329.427 646 688 13507 13427 1472 1510
 1118 329.683 646 688 13506 13428 1473 1509
 1119 330.009 652 682 13500 13434 1473 1509
 1120 330.332 656 678 13496 13438 1473 1509
 1121 330.609 654 680 13499 13435 1472 1510
 1122 330.914 652 682 13499 13435 1474 1508
 1123 331.203 648 686 13502 13432 1475 1507
 1124 331.477 666 668 13483 13451 1476 1506
 1125 331.766 666 668 13485 13449 1474 1508
 1126 332.052 650 684 13500 13434 1475 1507
 1127 332.332 658 676 13493 13441 1474 1508
 1128 332.653 666 668 13484 13450 1475 1507
 1129 332.925 654 680 13496 13438 1475 1507
 1130 333.264 672 662 13480 13454 1473 1509
 1131 333.59 676 658 13476 13458 1473 1509
 1132 333.9 656 678 13495 13439 1474 1508
 1133 334.209 664 670 13487 13447 1474 1508
 1134 334.485 664 670 13488 13446 1473 1509
 1135 334.751 664 670 13489 13445 1472 1510
 1136 335.021 654 680 13499 13435 1472 1510
 1137 335.329 644 690 13509 13425 1472 1510
 1138 335.625 654 680 13501 13433 1470 1512
 1139 335.915 652 682 13503 13431 1470 1512
 1140 336.187 654 680 13500 13434 1471 1511
 1141 336.458 660 674 13494 13440 1471 1511
 1142 336.727 660 674 13496 13438 1469 1513
 1143 337.012 650 684 13506 13428 1469 1513
 1144 337.329 668 666 13488 13446 1469 1513
 1145 337.615 670 664 13486 13448 1469 1513
 1146 337.921 668 666 13488 13446 1469 1513
 1147 338.249 668 666 13486 13448 1471 1511
 1148 338.606 638 696 13514 13420 1473 1509
 1149 338.899 654 680 13497 13437 1474 1508
 1150 339.198 656 678 13494 13440 1475 1507
 1151 339.463 658 676 13492 13442 1475 1507
 1152 339.761 654 680 13496 13438 1475 1507
 1153 340.03 664 670 13486 13448 1475 1507
 1154 340.317 676 658 13474 13460 1475 1507
 1155 340.667 668 666 13481 13453 1476 1506
 1156 340.951 672 662 13475 13459 1478 1504
 1157 341.266 648 686 13500 13434 1477 1505
 1158 341.598 648 686 13500 13434 1477 1505
 1159 341.885 678 656 13473 13461 1474 1508
 1160 342.186 678 656 13474 13460 1473 1509
 1161 342.472 688 646 13465 13469 1472 1510
 1162 342.773 682 652 13470 13464 1473 1509
 1163 343.061 686 648 13467 13467 1472 1510
 1164 343.356 676 658 13478 13456 1471 1511
 1165 343.651 670 664 13487 13447 1468 1514
 1166 343.94 676 658 13482 13452 1467 1515
 1167 344.242 668 666 13490 13444 1467 1515
 1168 344.508 660 674 13498 13436 1467 1515
 1169 344.804 666 668 13492 13442 1467 1515
 1170 345.115 672 662 13484 13450 1469 1513
 1171 345.374 650 684 13506 13428 1469 1513
 1172 345.663 654 680 13502 13432 1469 1513
 1173 345.972 682 652 13476 13458 1467 1515
 1174 346.28 674 660 13484 13450 1467 1515
 1175 346.589 666 668 13492 13442 1467 1515
 1176 346.916 652 682 13505 13429 1468 1514
 1177 347.193 668 666 13488 13446 1469 1513
 1178 347.464 688 646 13469 13465 1468 1514
 1179 347.744 674 660 13482 13452 1469 1513
 1180 348.031 678 656 13479 13455 1468 1514
 1181 348.324 696 638 13462 13472 1467 1515
 1182 348.597 694 640 13462 13472 1469 1513
 1183 348.881 674 660 13482 13452 1469 1513
 1184 349.177 668 666 13487 13447 1470 1512
 1185 349.463 686 648 13469 13465 1470 1512
 1186 349.785 680 654 13476 13458 1469 1513
 1187 350.064 680 654 13475 13459 1470 1512
 1188 350.346 674 660 13479 13455 1472 1510
 1189 350.619 678 656 13475 13459 1472 1510
 1190 350.929 696 638 13457 13477 1472 1510
 1191 351.235 702 632 13452 13482 1471 1511
 1192 351.527 700 634 13454 13480 1471 1511
 1193 351.816 704 630 13451 13483 1470 1512
 1194 352.086 692 642 13461 13473 1472 1510
 1195 352.361 686 648 13467 13467 1472 1510
 1196 352.662 690 644 13464 13470 1471 1511
 1197 352.984 686 648 13467 13467 1472 1510
 1198 353.247 692 642 13459 13475 1474 1508
 1199 353.529 702 632 13448 13486 1475 1507
 1200 353.799 680 654 13470 13464 1475 1507
 1201 354.09 684 650 13467 13467 1474 1508
 1202 354.44 686 648 13465 13469 1474 1508
 1203 354.722 680 654 13473 13461 1472 1510
 1204 355.029 682 652 13472 13462 1471 1511
 1205 355.304 674 660 13481 13453 1470 1512
 1206 355.589 678 656 13478 13456 1469 1513
 1207 355.884 680 654 13477 13457 1468 1514
 1208 356.157 680 654 13475 13459 1470 1512
 1209 356.465 686 648 13468 13466 1471 1511
 1210 356.799 690 644 13463 13471 1472 1510
 1211 357.113 664 670 13489 13445 1472 1510
 1212 357.428 656 678 13494 13440 1475 1507
 1213 357.706 660 674 13490 13444 1475 1507
 1214 357.991 666 668 13484 13450 1475 1507
 1215 358.274 674 660 13478 13456 1473 1509
 1216 358.561 658 676 13495 13439 1472 1510
 1217 358.878 672 662 13481 13453 1472 1510
 1218 359.192 656 678 13498 13436 1471 1511
 1219 359.507 654 680 13500 13434 1471 1511
 1220 359.785 664 670 13490 13444 1471 1511
 1221 360.103 678 656 13475 13459 1472 1510
 1222 360.393 680 654 13474 13460 1471 1511
 1223 360.706 664 670 13491 13443 1470 1512
 1224 360.977 664 670 13491 13443 1470 1512
 1225 361.28 670 664 13485 13449 1470 1512
 1226 361.588 680 654 13478 13456 1467 1515
 1227 361.861 682 652 13476 13458 1467 1515
 1228 362.162 682 652 13474 13460 1469 1513
 1229 362.468 674 660 13482 13452 1469 1513
 1230 362.75 670 664 13486 13448 1469 1513
 1231 363.057 682 652 13475 13459 1468 1514
 1232 363.403 656 678 13502 13432 1467 1515
 1233 363.69 652 682 13505 13429 1468 1514
 1234 364.025 664 670 13493 13441 1468 1514
 1235 364.336 666 668 13491 13443 1468 1514
 1236 364.681 668 666 13490 13444 1467 1515
 1237 364.975 662 672 13496 13438 1467 1515
 1238 365.262 664 670 13495 13439 1466 1516
 1239 365.563 664 670 13495 13439 1466 1516
 1240 365.823 656 678 13504 13430 1465 1517
 1241 366.133 638 696 13522 13412 1465 1517
 1242 366.404 652 682 13508 13426 1465 1517
 1243 366.697 664 670 13496 13438 1465 1517
 1244 366.975 638 696 13518 13416 1469 1513
 1245 367.3 644 690 13512 13422 1469 1513
 1246 367.58 644 690 13512 13422 1469 1513
 1247 367.863 638 696 13517 13417 1470 1512
 1248 368.115 648 686 13507 13427 1470 1512
 1249 368.382 652 682 13502 13432 1471 1511
 1250 368.678 672 662 13482 13452 1471 1511
 1251 368.989 656 678 13498 13436 1471 1511
 1252 369.316 642 692 13513 13421 1470 1512
 1253 369.618 650 684 13505 13429 1470 1512
 1254 369.922 634 700 13521 13413 1470 1512
 1255 370.214 648 686 13507 13427 1470 1512
 1256 370.525 664 670 13493 13441 1468 1514
 1257 370.787 664 670 13493 13441 1468 1514
 1258 371.074 656 678 13503 13431 1466 1516
 1259 371.407 654 680 13504 13430 1467 1515
 1260 371.704 652 682 13508 13426 1465 1517
 1261 371.993 670 664 13487 13447 1468 1514
 1262 372.289 638 696 13519 13415 1468 1514
 1263 372.579 650 684 13508 13426 1467 1515
 1264 372.853 666 668 13492 13442 1467 1515
 1265 373.155 676 658 13485 13449 1464 1518
 1266 373.44 686 648 13476 13458 1463 1519
 1267 373.74 656 678 13506 13428 1463 1519
 1268 374.078 660 674 13505 13429 1460 1522
 1269 374.367 652 682 13511 13423 1462 1520
 1270 374.679 646 688 13518 13416 1461 1521
 1271 374.977 656 678 13508 13426 1461 1521
 1272 375.26 660 674 13505 13429 1460 1522
 1273 375.527 676 658 13486 13448 1463 1519
 1274 375.841 682 652 13480 13454 1463 1519
 1275 376.114 668 666 13493 13441 1464 1518
 1276 376.432 676 658 13484 13450 1465 1517
 1277 376.738 698 636 13462 13472 1465 1517
 1278 377.024 680 654 13478 13456 1467 1515
 1279 377.305 656 678 13502 13432 1467 1515
 1280 377.643 666 668 13492 13442 1467 1515
 1281 377.949 660 674 13499 13435 1466 1516
 1282 378.26 664 670 13495 13439 1466 1516
 1283 378.564 650 684 13509 13425 1466 1516
 1284 378.886 674 660 13484 13450 1467 1515
 1285 379.202 672 662 13485 13449 1468 1514
 1286 379.509 686 648 13469 13465 1470 1512
 1287 379.761 692 642 13464 13470 1469 1513
 1288 380.092 692 642 13463 13471 1470 1512
 1289 380.363 666 668 13491 13443 1468 1514
 1290 380.674 672 662 13483 13451 1470 1512
 1291 380.953 668 666 13487 13447 1470 1512
 1292 381.208 676 658 13480 13454 1469 1513
 1293 381.517 694 640 13463 13471 1468 1514
 1294 381.824 688 646 13470 13464 1467 1515
 1295 382.082 694 640 13466 13468 1465 1517
 1296 382.385 686 648 13472 13462 1467 1515
 1297 382.669 686 648 13472 13462 1467 1515
 1298 382.992 668 666 13488 13446 1469 1513
 1299 383.324 670 664 13484 13450 1471 1511
 1300 383.613 672 662 13482 13452 1471 1511
 1301 383.883 658 676 13496 13438 1471 1511
 1302 384.195 672 662 13481 13453 1472 1510
 1303 384.546 652 682 13501 13433 1472 1510
 1304 384.82 672 662 13480 13454 1473 1509
 1305 385.141 672 662 13479 13455 1474 1508
 1306 385.463 670 664 13481 13453 1474 1508
 1307 385.725 648 686 13501 13433 1476 1506
 1308 386.003 662 672 13486 13448 1477 1505
 1309 386.312 666 668 13482 13452 1477 1505
 1310 386.59 678 656 13471 13463 1476 1506
 1311 386.856 662 672 13486 13448 1477 1505
 1312 387.158 640 694 13507 13427 1478 1504
 1313 387.474 638 696 13511 13423 1476 1506
 1314 387.744 638 696 13511 13423 1476 1506
 1315 388.073 632 702 13517 13417 1476 1506
 1316 388.378 664 670 13485 13449 1476 1506
 1317 388.712 692 642 13459 13475 1474 1508
 1318 388.979 718 616 13433 13501 1474 1508
 1319 389.314 696 638 13455 13479 1474 1508
 1320 389.599 694 640 13458 13476 1473 1509
 1321 389.878 680 654 13472 13462 1473 1509
 1322 390.172 662 672 13490 13444 1473 1509
 1323 390.482 662 672 13490 13444 1473 1509
 1324 390.737 634 700 13517 13417 1474 1508
 1325 391.016 638 696 13513 13421 1474 1508
 1326 391.278 642 692 13510 13424 1473 1509
 1327 391.562 652 682 13499 13435 1474 1508
 1328 391.877 672 662 13479 13455 1474 1508
 1329 392.164 680 654 13471 13463 1474 1508
 1330 392.491 672 662 13478 13456 1475 1507
 1331 392.8 662 672 13489 13445 1474 1508
 1332 393.085 664 670 13488 13446 1473 1509
 1333 393.354 688 646 13465 13469 1472 1510
 1334 393.614 668 666 13485 13449 1472 1510
 1335 393.908 654 680 13499 13435 1472 1510
 1336 394.203 658 676 13494 13440 1473 1509
 1337 394.519 646 688 13505 13429 1474 1508
 1338 394.812 638 696 13514 13420 1473 1509
 1339 395.149 646 688 13507 13427 1472 1510
 1340 395.452 660 674 13492 13442 1473 1509
 1341 395.728 656 678 13496 13438 1473 1509
 1342 396.025 658 676 13497 13437 1470 1512
 1343 396.322 674 660 13483 13451 1468 1514
 1344 396.639 678 656 13480 13454 1467 1515
 1345 396.903 672 662 13485 13449 1468 1514
 1346 397.214 648 686 13510 13424 1467 1515
 1347 397.497 652 682 13506 13428 1467 1515
 1348 397.804 656 678 13503 13431 1466 1516
 1349 398.115 644 690 13514 13420 1467 1515
 1350 398.393 644 690 13517 13417 1464 1518
 1351 398.689 656 678 13504 13430 1465 1517
 1352 398.992 658 676 13502 13432 1465 1517
 1353 399.329 650 684 13509 13425 1466 1516
 1354 399.642 650 684 13508 13426 1467 1515
 1355 399.943 654 680 13505 13429 1466 1516
 1356 400.241 650 684 13509 13425 1466 1516
 1357 400.566 656 678 13506 13428 1463 1519
 1358 400.84 660 674 13501 13433 1464 1518
 1359 401.134 672 662 13488 13446 1465 1517
 1360 401.478 678 656 13481 13453 1466 1516
 1361 401.806 664 670 13495 13439 1466 1516
 1362 402.14 644 690 13515 13419 1466 1516
 1363 402.444 672 662 13485 13449 1468 1514
 1364 402.751 658 676 13498 13436 1469 1513
 1365 403.007 650 684 13504 13430 1471 1511
 1366 403.287 636 698 13518 13416 1471 1511
 1367 403.593 668 666 13488 13446 1469 1513
 1368 403.886 678 656 13477 13457 1470 1512
 1369 404.192 674 660 13480 13454 1471 1511
 1370 404.512 660 674 13492 13442 1473 1509
 1371 404.799 668 666 13484 13450 1473 1509
 1372 405.091 642 692 13509 13425 1474 1508
 1373 405.382 634 700 13517 13417 1474 1508
 1374 405.74 650 684 13502 13432 1473 1509
 1375 406.053 652 682 13502 13432 1471 1511
 1376 406.375 640 694 13513 13421 1472 1510
 1377 406.668 642 692 13511 13423 1472 1510
 1378 406.947 662 672 13491 13443 1472 1510
 1379 407.23 662 672 13491 13443 1472 1510
 1380 407.519 676 658 13476 13458 1473 1509
 1381 407.78 670 664 13483 13451 1472 1510
 1382 408.074 674 660 13479 13455 1472 1510
 1383 408.393 662 672 13492 13442 1471 1511
 1384 408.703 676 658 13477 13457 1472 1510
 1385 409.017 666 668 13488 13446 1471 1511
 1386 409.302 672 662 13481 13453 1472 1510
 1387 409.617 668 666 13486 13448 1471 1511
 1388 409.93 676 658 13478 13456 1471 1511
 1389 410.242 684 650 13470 13464 1471 1511
 1390 410.54 676 658 13479 13455 1470 1512
 1391 410.845 660 674 13495 13439 1470 1512
 1392 411.12 682 652 13475 13459 1468 1514
 1393 411.401 684 650 13474 13460 1467 1515
 1394 411.69 666 668 13490 13444 1469 1513
 1395 411.992 694 640 13463 13471 1468 1514
 1396 412.287 692 642 13467 13467 1466 1516
 1397 412.59 678 656 13481 13453 1466 1516
 1398 412.864 704 630 13455 13479 1466 1516
 1399 413.181 696 638 13463 13471 1466 1516
 1400 413.494 672 662 13487 13447 1466 1516
 1401 413.807 666 668 13494 13440 1465 1517
 1402 414.116 666 668 13494 13440 1465 1517
 1403 414.418 658 676 13502 13432 1465 1517
 1404 414.659 658 676 13502 13432 1465 1517
 1405 414.961 658 676 13503 13431 1464 1518
 1406 415.265 672 662 13489 13445 1464 1518
 1407 415.55 690 644 13471 13463 1464 1518
 1408 415.852 674 660 13487 13447 1464 1518
 1409 416.139 666 668 13494 13440 1465 1517
 1410 416.423 658 676 13503 13431 1464 1518
 1411 416.691 650 684 13512 13422 1463 1519
 1412 416.977 660 674 13502 13432 1463 1519
 1413 417.252 670 664 13494 13440 1461 1521
 1414 417.519 666 668 13498 13436 1461 1521
 1415 417.8 660 674 13503 13431 1462 1520
 1416 418.104 676 658 13487 13447 1462 1520
 1417 418.408 678 656 13486 13448 1461 1521
 1418 418.767 700 634 13464 13470 1461 1521
 1419 419.028 666 668 13498 13436 1461 1521
 1420 419.339 654 680 13512 13422 1459 1523
 1421 419.641 648 686 13518 13416 1459 1523
 1422 419.953 640 694 13526 13408 1459 1523
 1423 420.24 666 668 13500 13434 1459 1523
 1424 420.531 670 664 13495 13439 1460 1522
 1425 420.856 664 670 13501 13433 1460 1522
 1426 421.154 656 678 13508 13426 1461 1521
 1427 421.442 666 668 13500 13434 1459 1523
 1428 421.736 680 654 13485 13449 1460 1522
 1429 422.043 672 662 13495 13439 1458 1524
 1430 422.365 670 664 13496 13438 1459 1523
 1431 422.685 678 656 13487 13447 1460 1522
 1432 423.006 648 686 13517 13417 1460 1522
 1433 423.285 658 676 13506 13428 1461 1521
 1434 423.591 664 670 13500 13434 1461 1521
 1435 423.897 660 674 13504 13430 1461 1521
 1436 424.192 668 666 13497 13437 1460 1522
 1437 424.474 666 668 13499 13435 1460 1522
 1438 424.745 638 696 13526 13408 1461 1521
 1439 425.064 678 656 13485 13449 1462 1520
 1440 425.369 688 646 13474 13460 1463 1519
 1441 425.628 668 666 13493 13441 1464 1518
 1442 425.95 664 670 13497 13437 1464 1518
 1443 426.282 656 678 13505 13429 1464 1518
 1444 426.606 652 682 13510 13424 1463 1519
 1445 426.905 654 680 13508 13426 1463 1519
 1446 427.25 640 694 13520 13414 1465 1517
 1447 427.541 642 692 13517 13417 1466 1516
 1448 427.818 666 668 13494 13440 1465 1517
 1449 428.1 682 652 13479 13455 1464 1518
 1450 428.416 668 666 13494 13440 1463 1519
 1451 428.695 654 680 13506 13428 1465 1517
 1452 428.976 680 654 13478 13456 1467 1515
 1453 429.232 672 662 13487 13447 1466 1516
 1454 429.516 652 682 13507 13427 1466 1516
 1455 429.816 646 688 13511 13423 1468 1514
 1456 430.144 646 688 13511 13423 1468 1514
 1457 430.421 642 692 13514 13420 1469 1513
 1458 430.711 664 670 13493 13441 1468 1514
 1459 431.039 668 666 13490 13444 1467 1515
 1460 431.326 662 672 13495 13439 1468 1514
 1461 431.615 662 672 13495 13439 1468 1514
 1462 431.887 670 664 13486 13448 1469 1513
 1463 432.182 664 670 13491 13443 1470 1512
 1464 432.404 684 650 13471 13463 1470 1512
 1465 432.693 670 664 13484 13450 1471 1511
 1466 432.963 680 654 13473 13461 1472 1510
 1467 433.247 660 674 13492 13442 1473 1509
 1468 433.552 656 678 13498 13436 1471 1511
 1469 433.856 638 696 13514 13420 1473 1509
 1470 434.145 638 696 13513 13421 1474 1508
 1471 434.443 650 684 13501 13433 1474 1508
 1472 434.707 650 684 13501 13433 1474 1508
 1473 435.012 670 664 13481 13453 1474 1508
 1474 435.284 666 668 13485 13449 1474 1508
 1475 435.586 666 668 13484 13450 1475 1507
 1476 435.85 664 670 13486 13448 1475 1507
 1477 436.117 672 662 13477 13457 1476 1506
 1478 436.417 656 678 13494 13440 1475 1507
 1479 436.685 660 674 13489 13445 1476 1506
 1480 436.978 670 664 13478 13456 1477 1505
 1481 437.295 660 674 13489 13445 1476 1506
 1482 437.586 648 686 13501 13433 1476 1506
 1483 437.871 648 686 13504 13430 1473 1509
 1484 438.228 656 678 13496 13438 1473 1509
 1485 438.506 658 676 13494 13440 1473 1509
 1486 438.84 668 666 13484 13450 1473 1509
 1487 439.122 682 652 13468 13466 1475 1507
 1488 439.406 668 666 13481 13453 1476 1506
 1489 439.695 670 664 13480 13454 1475 1507
 1490 439.989 660 674 13489 13445 1476 1506
 1491 440.267 664 670 13486 13448 1475 1507
 1492 440.564 686 648 13465 13469 1474 1508
 1493 440.837 680 654 13474 13460 1471 1511
 1494 441.125 710 624 13444 13490 1471 1511
 1495 441.422 704 630 13451 13483 1470 1512
 1496 441.727 690 644 13465 13469 1470 1512
 1497 442.013 674 660 13479 13455 1472 1510
 1498 442.293 672 662 13482 13452 1471 1511
 1499 442.612 668 666 13484 13450 1473 1509
 1500 442.927 678 656 13476 13458 1471 1511
 1501 443.18 682 652 13472 13462 1471 1511
 1502 443.45 678 656 13476 13458 1471 1511
 1503 443.756 686 648 13468 13466 1471 1511
 1504 444.069 690 644 13465 13469 1470 1512
 1505 444.373 692 642 13464 13470 1469 1513
 1506 444.686 698 636 13458 13476 1469 1513
 1507 444.995 664 670 13494 13440 1467 1515
 1508 445.275 656 678 13503 13431 1466 1516
 1509 445.568 650 684 13511 13423 1464 1518
 1510 445.821 656 678 13504 13430 1465 1517
 1511 446.106 664 670 13496 13438 1465 1517
 1512 446.434 654 680 13503 13431 1468 1514
 1513 446.711 658 676 13499 13435 1468 1514
 1514 446.991 674 660 13483 13451 1468 1514
 1515 447.287 664 670 13493 13441 1468 1514
 1516 447.58 668 666 13488 13446 1469 1513
 1517 447.895 674 660 13482 13452 1469 1513
 1518 448.19 662 672 13496 13438 1467 1515
 1519 448.481 676 658 13482 13452 1467 1515
 1520 448.79 640 694 13518 13416 1467 1515
 1521 449.089 648 686 13510 13424 1467 1515
 1522 449.389 636 698 13522 13412 1467 1515
 1523 449.659 664 670 13495 13439 1466 1516
 1524 449.958 678 656 13479 13455 1468 1514
 1525 450.272 680 654 13476 13458 1469 1513
 1526 450.584 676 658 13479 13455 1470 1512
 1527 450.896 672 662 13483 13451 1470 1512
 1528 451.18 678 656 13479 13455 1468 1514
 1529 451.508 660 674 13498 13436 1467 1515
 1530 451.825 662 672 13496 13438 1467 1515
 1531 452.125 672 662 13489 13445 1464 1518
 1532 452.443 672 662 13490 13444 1463 1519
 1533 452.728 652 682 13509 13425 1464 1518
 1534 453.039 652 682 13509 13425 1464 1518
 1535 453.331 678 656 13483 13451 1464 1518
 1536 453.646 678 656 13482 13452 1465 1517
 1537 453.939 668 666 13493 13441 1464 1518
 1538 454.229 674 660 13488 13446 1463 1519
 1539 454.522 664 670 13499 13435 1462 1520
 1540 454.799 662 672 13503 13431 1460 1522
 1541 455.117 654 680 13512 13422 1459 1523
 1542 455.364 648 686 13520 13414 1457 1525
 1543 455.645 678 656 13491 13443 1456 1526
 1544 455.982 698 636 13472 13462 1455 1527
 1545 456.282 696 638 13473 13461 1456 1526
 1546 456.574 698 636 13469 13465 1458 1524
 1547 456.877 656 678 13510 13424 1459 1523
 1548 457.161 654 680 13512 13422 1459 1523
 1549 457.432 648 686 13517 13417 1460 1522
 1550 457.713 654 680 13510 13424 1461 1521
 1551 458.012 642 692 13522 13412 1461 1521
 1552 458.289 648 686 13515 13419 1462 1520
 1553 458.587 656 678 13507 13427 1462 1520
 1554 458.881 656 678 13509 13425 1460 1522
 1555 459.177 646 688 13517 13417 1462 1520
 1556 459.497 666 668 13498 13436 1461 1521
 1557 459.834 684 650 13480 13454 1461 1521
 1558 460.123 672 662 13490 13444 1463 1519
 1559 460.425 688 646 13475 13459 1462 1520
 1560 460.727 668 666 13494 13440 1463 1519
 1561 461.018 658 676 13505 13429 1462 1520
 1562 461.285 654 680 13510 13424 1461 1521
 1563 461.587 656 678 13509 13425 1460 1522
 1564 461.888 656 678 13509 13425 1460 1522
 1565 462.191 668 666 13497 13437 1460 1522
 1566 462.461 684 650 13479 13455 1462 1520
 1567 462.728 678 656 13483 13451 1464 1518
 1568 463.016 678 656 13483 13451 1464 1518
 1569 463.319 686 648 13476 13458 1463 1519
 1570 463.651 690 644 13474 13460 1461 1521
 1571 463.963 704 630 13458 13476 1463 1519
 1572 464.259 702 632 13460 13474 1463 1519
 1573 464.556 690 644 13472 13462 1463 1519
 1574 464.903 690 644 13472 13462 1463 1519
 1575 465.204 686 648 13476 13458 1463 1519
 1576 465.484 692 642 13473 13461 1460 1522
 1577 465.824 676 658 13489 13445 1460 1522
 1578 466.111 686 648 13478 13456 1461 1521
 1579 466.393 676 658 13490 13444 1459 1523
 1580 466.727 672 662 13493 13441 1460 1522
 1581 467.028 656 678 13509 13425 1460 1522
 1582 467.329 664 670 13499 13435 1462 1520
 1583 467.633 654 680 13509 13425 1462 1520
 1584 467.901 672 662 13491 13443 1462 1520
 1585 468.184 674 660 13489 13445 1462 1520
 1586 468.487 666 668 13497 13437 1462 1520
 1587 468.793 660 674 13505 13429 1460 1522
 1588 469.074 658 676 13508 13426 1459 1523
 1589 469.36 662 672 13506 13428 1457 1525
 1590 469.669 660 674 13508 13426 1457 1525
 1591 470.013 660 674 13506 13428 1459 1523
 1592 470.311 680 654 13487 13447 1458 1524
 1593 470.636 666 668 13501 13433 1458 1524
 1594 470.943 658 676 13510 13424 1457 1525
 1595 471.243 650 684 13517 13417 1458 1524
 1596 471.554 650 684 13517 13417 1458 1524
 1597 471.872 648 686 13519 13415 1458 1524
 1598 472.186 632 702 13534 13400 1459 1523
 1599 472.436 634 700 13532 13402 1459 1523
 1600 472.722 644 690 13524 13410 1457 1525
 1601 473.016 658 676 13511 13423 1456 1526
 1602 473.297 656 678 13513 13421 1456 1526
 1603 473.604 670 664 13499 13435 1456 1526
 1604 473.912 668 666 13502 13432 1455 1527
 1605 474.24 652 682 13520 13414 1453 1529
 1606 474.493 646 688 13528 13406 1451 1531
 1607 474.768 640 694 13534 13400 1451 1531
 1608 475.04 640 694 13535 13399 1450 1532
 1609 475.348 632 702 13544 13390 1449 1533
 1610 475.647 614 720 13563 13371 1448 1534
 1611 475.931 606 728 13571 13363 1448 1534
 1612 476.201 646 688 13531 13403 1448 1534
 1613 476.493 664 670 13514 13420 1447 1535
 1614 476.764 682 652 13496 13438 1447 1535
 1615 477.083 692 642 13485 13449 1448 1534
 1616 477.363 690 644 13487 13447 1448 1534
 1617 477.651 676 658 13501 13433 1448 1534
 1618 477.928 676 658 13501 13433 1448 1534
 1619 478.206 676 658 13501 13433 1448 1534
 1620 478.499 652 682 13526 13408 1447 1535
 1621 478.792 668 666 13510 13424 1447 1535
 1622 479.04 658 676 13520 13414 1447 1535
 1623 479.329 658 676 13519 13415 1448 1534
 1624 479.631 644 690 13532 13402 1449 1533
 1625 479.945 654 680 13522 13412 1449 1533
 1626 480.262 656 678 13520 13414 1449 1533
 1627 480.566 648 686 13528 13406 1449 1533
 1628 480.837 642 692 13533 13401 1450 1532
 1629 481.123 644 690 13532 13402 1449 1533
 1630 481.415 646 688 13531 13403 1448 1534
 1631 481.705 654 680 13521 13413 1450 1532
 1632 481.995 652 682 13523 13411 1450 1532
 1633 482.289 666 668 13509 13425 1450 1532
 1634 482.577 678 656 13499 13435 1448 1534
 1635 482.899 674 660 13503 13431 1448 1534
 1636 483.223 652 682 13525 13409 1448 1534
 1637 483.535 668 666 13509 13425 1448 1534
 1638 483.827 666 668 13511 13423 1448 1534
 1639 484.108 652 682 13525 13409 1448 1534
 1640 484.408 652 682 13525 13409 1448 1534
 1641 484.698 650 684 13527 13407 1448 1534
 1642 484.987 668 666 13509 13425 1448 1534
 1643 485.309 642 692 13532 13402 1451 1531
 1644 485.611 650 684 13523 13411 1452 1530
 1645 485.896 666 668 13508 13426 1451 1531
 1646 486.192 662 672 13510 13424 1453 1529
 1647 486.483 670 664 13502 13432 1453 1529
 1648 486.781 652 682 13522 13412 1451 1531
 1649 487.085 648 686 13526 13408 1451 1531
 1650 487.421 660 674 13514 13420 1451 1531
 1651 487.716 662 672 13508 13426 1455 1527
 1652 487.963 662 672 13508 13426 1455 1527
 1653 488.237 664 670 13506 13428 1455 1527
 1654 488.51 690 644 13480 13454 1455 1527
 1655 488.841 676 658 13492 13442 1457 1525
 1656 489.159 678 656 13490 13444 1457 1525
 1657 489.473 688 646 13481 13453 1456 1526
 1658 489.774 674 660 13493 13441 1458 1524
 1659 490.078 672 662 13495 13439 1458 1524
 1660 490.36 686 648 13483 13451 1456 1526
 1661 490.648 680 654 13489 13445 1456 1526
 1662 490.98 674 660 13496 13438 1455 1527
 1663 491.24 662 672 13508 13426 1455 1527
 1664 491.518 648 686 13523 13411 1454 1528
 1665 491.791 662 672 13511 13423 1452 1530
 1666 492.101 686 648 13488 13446 1451 1531
 1667 492.417 666 668 13506 13428 1453 1529
 1668 492.696 682 652 13491 13443 1452 1530
 1669 493.007 676 658 13497 13437 1452 1530
 1670 493.351 682 652 13490 13444 1453 1529
 1671 493.658 690 644 13478 13456 1457 1525
 1672 493.936 694 640 13474 13460 1457 1525
 1673 494.237 698 636 13470 13464 1457 1525
 1674 494.507 694 640 13473 13461 1458 1524
 1675 494.815 686 648 13483 13451 1456 1526
 1676 495.082 678 656 13493 13441 1454 1528
 1677 495.361 676 658 13498 13436 1451 1531
 1678 495.694 688 646 13488 13446 1449 1533
 1679 495.974 680 654 13496 13438 1449 1533
 1680 496.282 690 644 13488 13446 1447 1535
 1681 496.575 672 662 13508 13426 1445 1537
 1682 496.881 670 664 13510 13424 1445 1537
 1683 497.167 672 662 13507 13427 1446 1536
 1684 497.451 670 664 13508 13426 1447 1535
 1685 497.738 680 654 13499 13435 1446 1536
 1686 498.043 676 658 13502 13432 1447 1535
 1687 498.357 658 676 13521 13413 1446 1536
 1688 498.629 680 654 13498 13436 1447 1535
 1689 498.933 668 666 13508 13426 1449 1533
 1690 499.229 648 686 13529 13405 1448 1534
 1691 499.503 674 660 13503 13431 1448 1534
 1692 499.799 672 662 13507 13427 1446 1536
 1693 500.088 672 662 13507 13427 1446 1536
 1694 500.38 702 632 13477 13457 1446 1536
 1695 500.676 684 650 13500 13434 1441 1541
 1696 500.963 688 646 13497 13437 1440 1542
 1697 501.228 700 634 13485 13449 1440 1542
 1698 501.522 682 652 13503 13431 1440 1542
 1699 501.801 682 652 13504 13430 1439 1543
 1700 502.087 686 648 13501 13433 1438 1544
 1701 502.372 682 652 13504 13430 1439 1543
 1702 502.667 666 668 13520 13414 1439 1543
 1703 502.916 638 696 13549 13385 1438 1544
 1704 503.214 636 698 13553 13381 1436 1546
 1705 503.557 636 698 13553 13381 1436 1546
 1706 503.858 654 680 13535 13399 1436 1546
 1707 504.145 666 668 13520 13414 1439 1543
 1708 504.422 666 668 13519 13415 1440 1542
 1709 504.728 674 660 13511 13423 1440 1542
 1710 505.051 684 650 13500 13434 1441 1541
 1711 505.373 686 648 13498 13436 1441 1541
 1712 505.679 678 656 13508 13426 1439 1543
 1713 505.933 680 654 13506 13428 1439 1543
 1714 506.193 662 672 13523 13411 1440 1542
 1715 506.515 678 656 13507 13427 1440 1542
 1716 506.791 680 654 13504 13430 1441 1541
 1717 507.097 654 680 13529 13405 1442 1540
 1718 507.43 670 664 13515 13419 1440 1542
 1719 507.736 660 674 13526 13408 1439 1543
 1720 508.015 686 648 13500 13434 1439 1543
 1721 508.305 674 660 13511 13423 1440 1542
 1722 508.629 656 678 13528 13406 1441 1541
 1723 508.925 670 664 13513 13421 1442 1540
 1724 509.238 668 666 13518 13416 1439 1543
 1725 509.527 666 668 13520 13414 1439 1543
 1726 509.789 678 656 13507 13427 1440 1542
 1727 510.101 670 664 13516 13418 1439 1543
 1728 510.374 656 678 13530 13404 1439 1543
 1729 510.663 638 696 13546 13388 1441 1541
 1730 510.957 646 688 13541 13393 1438 1544
 1731 511.255 644 690 13542 13392 1439 1543
 1732 511.546 650 684 13537 13397 1438 1544
 1733 511.852 658 676 13530 13404 1437 1545
 1734 512.153 662 672 13525 13409 1438 1544
 1735 512.465 662 672 13524 13410 1439 1543
 1736 512.769 666 668 13519 13415 1440 1542
 1737 513.102 646 688 13538 13396 1441 1541
 1738 513.405 642 692 13542 13392 1441 1541
 1739 513.724 654 680 13531 13403 1440 1542
 1740 514.024 646 688 13538 13396 1441 1541
 1741 514.289 656 678 13527 13407 1442 1540
 1742 514.615 668 666 13517 13417 1440 1542
 1743 514.867 676 658 13509 13425 1440 1542
 1744 515.152 678 656 13507 13427 1440 1542
 1745 515.455 676 658 13510 13424 1439 1543
 1746 515.74 696 638 13490 13444 1439 1543
 1747 515.998 676 658 13509 13425 1440 1542
 1748 516.255 670 664 13515 13419 1440 1542
 1749 516.519 666 668 13519 13415 1440 1542
 1750 516.797 662 672 13521 13413 1442 1540
 1751 517.076 676 658 13508 13426 1441 1541
 1752 517.36 676 658 13507 13427 1442 1540
 1753 517.66 676 658 13505 13429 1444 1538
 1754 517.97 652 682 13528 13406 1445 1537
 1755 518.26 678 656 13502 13432 1445 1537
 1756 518.546 678 656 13501 13433 1446 1536
 1757 518.858 650 684 13530 13404 1445 1537
 1758 519.185 640 694 13540 13394 1445 1537
 1759 519.465 656 678 13522 13412 1447 1535
 1760 519.767 684 650 13494 13440 1447 1535
 1761 520.061 656 678 13522 13412 1447 1535
 1762 520.358 654 680 13523 13411 1448 1534
 1763 520.661 662 672 13514 13420 1449 1533
 1764 520.944 676 658 13501 13433 1448 1534
 1765 521.266 646 688 13530 13404 1449 1533
 1766 521.553 636 698 13541 13393 1448 1534
 1767 521.857 658 676 13519 13415 1448 1534
 1768 522.126 646 688 13529 13405 1450 1532
 1769 522.411 636 698 13538 13396 1451 1531
 1770 522.732 638 696 13537 13397 1450 1532
 1771 523.012 642 692 13534 13400 1449 1533
 1772 523.3 630 704 13547 13387 1448 1534
 1773 523.576 632 702 13545 13389 1448 1534
 1774 523.91 642 692 13533 13401 1450 1532
 1775 524.211 662 672 13515 13419 1448 1534
 1776 524.527 672 662 13505 13429 1448 1534
 1777 524.84 666 668 13511 13423 1448 1534
 1778 525.141 676 658 13501 13433 1448 1534
 1779 525.452 676 658 13500 13434 1449 1533
 1780 525.721 696 638 13481 13453 1448 1534
 1781 526.008 698 636 13477 13457 1450 1532
 1782 526.338 660 674 13514 13420 1451 1531
 1783 526.615 666 668 13508 13426 1451 1531
 1784 526.883 676 658 13500 13434 1449 1533
 1785 527.172 694 640 13481 13453 1450 1532
 1786 527.47 690 644 13484 13450 1451 1531
 1787 527.749 694 640 13481 13453 1450 1532
 1788 528.053 674 660 13501 13433 1450 1532
 1789 528.34 676 658 13499 13435 1450 1532
 1790 528.632 688 646 13486 13448 1451 1531
 1791 528.924 686 648 13488 13446 1451 1531
 1792 529.161 674 660 13499 13435 1452 1530
 1793 529.449 672 662 13501 13433 1452 1530
 1794 529.748 658 676 13514 13420 1453 1529
 1795 530.04 654 680 13519 13415 1452 1530
 1796 530.334 644 690 13529 13405 1452 1530
 1797 530.608 678 656 13495 13439 1452 1530
 1798 530.913 672 662 13501 13433 1452 1530
 1799 531.229 658 676 13514 13420 1453 1529
 1800 531.533 658 676 13512 13422 1455 1527
 1801 531.855 672 662 13498 13436 1455 1527
 1802 532.134 684 650 13486 13448 1455 1527
 1803 532.448 682 652 13488 13446 1455 1527
 1804 532.728 670 664 13500 13434 1455 1527
 1805 533.001 674 660 13495 13439 1456 1526
 1806 533.303 652 682 13516 13418 1457 1525
