0.000000 0.354865 0.133090 0.000000 0.999931
0.010000 0.361089 0.131094 0.006417 0.996559
0.020000 0.367353 0.129109 0.012769 0.993256
0.030000 0.373657 0.127134 0.019055 0.990022
0.040000 0.380000 0.125170 0.025275 0.986857
0.050000 0.386382 0.123217 0.031428 0.983761
0.060000 0.392802 0.121275 0.037514 0.980734
0.070000 0.399261 0.119344 0.043533 0.977777
0.080000 0.405757 0.117425 0.049483 0.974889
0.090000 0.412289 0.115517 0.055366 0.972070
0.100000 0.418858 0.113621 0.061180 0.969321
0.110000 0.425462 0.111736 0.066926 0.966640
0.120000 0.432101 0.109863 0.072602 0.964029
0.130000 0.438773 0.108003 0.078209 0.961487
0.140000 0.445478 0.106155 0.083747 0.959014
0.150000 0.452215 0.104319 0.089214 0.956609
0.160000 0.458982 0.102496 0.094612 0.954273
0.170000 0.465779 0.100686 0.099940 0.952005
0.180000 0.472604 0.098889 0.105198 0.949804
0.190000 0.479455 0.097106 0.110385 0.947672
0.200000 0.486332 0.095335 0.115502 0.945607
0.210000 0.493234 0.093578 0.120549 0.943609
0.220000 0.500158 0.091835 0.125526 0.941677
0.230000 0.507103 0.090106 0.130433 0.939811
0.240000 0.514068 0.088390 0.135270 0.938011
0.250000 0.521052 0.086689 0.140037 0.936276
0.260000 0.528052 0.085003 0.144735 0.934605
0.270000 0.535067 0.083331 0.149363 0.932999
0.280000 0.542096 0.081673 0.153923 0.931455
0.290000 0.549136 0.080031 0.158414 0.929974
0.300000 0.556187 0.078403 0.162837 0.928555
0.310000 0.563246 0.076790 0.167192 0.927197
0.320000 0.570312 0.075193 0.171480 0.925900
0.330000 0.577383 0.073610 0.175702 0.924662
0.340000 0.584457 0.072044 0.179857 0.923483
0.350000 0.591533 0.070492 0.183947 0.922362
0.360000 0.598609 0.068956 0.187971 0.921298
0.370000 0.605684 0.067436 0.191932 0.920290
0.380000 0.612756 0.065931 0.195829 0.919337
0.390000 0.619822 0.064442 0.199663 0.918438
0.400000 0.626883 0.062968 0.203435 0.917593
0.410000 0.633935 0.061510 0.207146 0.916800
0.420000 0.640978 0.060068 0.210796 0.916058
0.430000 0.648009 0.058642 0.214387 0.915367
0.440000 0.655029 0.057231 0.217919 0.914725
0.450000 0.662034 0.055836 0.221393 0.914131
0.460000 0.669024 0.054457 0.224809 0.913584
0.470000 0.675997 0.053093 0.228169 0.913084
0.480000 0.682952 0.051745 0.231474 0.912628
0.490000 0.689888 0.050412 0.234725 0.912217
0.500000 0.696803 0.049095 0.237922 0.911849
0.510000 0.703696 0.047793 0.241066 0.911522
0.520000 0.710566 0.046506 0.244159 0.911237
0.530000 0.717412 0.045235 0.247201 0.910991
0.540000 0.724233 0.043979 0.250193 0.910785
0.550000 0.731027 0.042737 0.253136 0.910616
0.560000 0.737794 0.041511 0.256031 0.910484
0.570000 0.744533 0.040299 0.258879 0.910387
0.580000 0.751243 0.039102 0.261681 0.910326
0.590000 0.757922 0.037919 0.264437 0.910298
0.600000 0.764571 0.036751 0.267149 0.910303
0.610000 0.771188 0.035597 0.269818 0.910340
0.620000 0.777772 0.034457 0.272444 0.910408
0.630000 0.784323 0.033330 0.275028 0.910506
0.640000 0.790841 0.032218 0.277571 0.910633
0.650000 0.797324 0.031119 0.280074 0.910788
0.660000 0.803772 0.030034 0.282539 0.910970
0.670000 0.810184 0.028962 0.284964 0.911179
0.680000 0.816560 0.027904 0.287353 0.911413
0.690000 0.822900 0.026858 0.289704 0.911672
0.700000 0.829202 0.025825 0.292020 0.911954
0.710000 0.835467 0.024805 0.294300 0.912260
0.720000 0.841694 0.023797 0.296546 0.912588
0.730000 0.847883 0.022801 0.298758 0.912938
0.740000 0.854033 0.021818 0.300937 0.913308
0.750000 0.860144 0.020847 0.303084 0.913698
0.760000 0.866216 0.019888 0.305200 0.914108
0.770000 0.872249 0.018940 0.307285 0.914536
0.780000 0.878242 0.018004 0.309339 0.914982
0.790000 0.884196 0.017079 0.311364 0.915445
0.800000 0.890109 0.016165 0.313361 0.915925
0.810000 0.895982 0.015263 0.315329 0.916421
0.820000 0.901816 0.014371 0.317269 0.916932
0.830000 0.907609 0.013490 0.319182 0.917458
0.840000 0.913361 0.012620 0.321069 0.917998
0.850000 0.919073 0.011759 0.322930 0.918552
0.860000 0.924745 0.010909 0.324766 0.919119
0.870000 0.930377 0.010070 0.326577 0.919698
0.880000 0.935968 0.009240 0.328364 0.920289
0.890000 0.941518 0.008420 0.330128 0.920892
0.900000 0.947028 0.007609 0.331868 0.921506
0.910000 0.952498 0.006808 0.333585 0.922130
0.920000 0.957928 0.006016 0.335280 0.922765
0.930000 0.963318 0.005233 0.336954 0.923409
0.940000 0.968667 0.004460 0.338606 0.924062
0.950000 0.973977 0.003695 0.340237 0.924724
0.960000 0.979247 0.002939 0.341848 0.925395
0.970000 0.984477 0.002192 0.343439 0.926073
0.980000 0.989668 0.001453 0.345011 0.926759
0.990000 0.994819 0.000722 0.346563 0.927452
1.000000 0.999931 0.000000 0.348097 0.928152
