0.000000 1.000000 nan 0.354865 nan 0.111782 nan 0.630000 0.130000 1.000000 1.000000
0.010000 0.990000 0.112427 0.359765 0.361276 0.113326 0.023483 0.630000 0.130000 1.000000 1.000000
0.020000 0.980000 0.113066 0.364718 0.367575 0.114886 0.023892 0.630000 0.130000 1.000000 1.000000
0.030000 0.970000 0.113699 0.369725 0.373910 0.116463 0.024304 0.630000 0.130000 1.000000 1.000000
0.040000 0.960000 0.114324 0.374785 0.380257 0.118057 0.024717 0.630000 0.130000 1.000000 1.000000
0.050000 0.950000 0.114941 0.379897 0.386629 0.119668 0.025131 0.630000 0.130000 1.000000 1.000000
0.060000 0.940000 0.115549 0.385061 0.393015 0.121294 0.025546 0.630000 0.130000 1.000000 1.000000
0.070000 0.930000 0.116149 0.390278 0.399410 0.122938 0.025962 0.630000 0.130000 1.000000 1.000000
0.080000 0.920000 0.116740 0.395546 0.405834 0.124597 0.026379 0.630000 0.130000 1.000000 1.000000
0.090000 0.910000 0.117319 0.400864 0.412258 0.126272 0.026797 0.630000 0.130000 1.000000 1.000000
0.100000 0.900000 0.117889 0.406233 0.418701 0.127964 0.027216 0.630000 0.130000 1.000000 1.000000
0.110000 0.890000 0.118446 0.411652 0.425148 0.129670 0.027635 0.630000 0.130000 1.000000 1.000000
0.120000 0.880000 0.118992 0.417120 0.431614 0.131393 0.028055 0.630000 0.130000 1.000000 1.000000
0.130000 0.870000 0.119525 0.422635 0.438088 0.133130 0.028476 0.630000 0.130000 1.000000 1.000000
0.140000 0.860000 0.120044 0.428197 0.444568 0.134882 0.028897 0.630000 0.130000 1.000000 1.000000
0.150000 0.850000 0.120549 0.433806 0.451063 0.136649 0.029319 0.630000 0.130000 1.000000 1.000000
0.160000 0.840000 0.121039 0.439459 0.457560 0.138430 0.029741 0.630000 0.130000 1.000000 1.000000
0.170000 0.830000 0.121514 0.445157 0.464063 0.140224 0.030164 0.630000 0.130000 1.000000 1.000000
0.180000 0.820000 0.121972 0.450897 0.470569 0.142032 0.030587 0.630000 0.130000 1.000000 1.000000
0.190000 0.810000 0.122413 0.456677 0.477083 0.143853 0.031010 0.630000 0.130000 1.000000 1.000000
0.200000 0.800000 0.122836 0.462498 0.483599 0.145687 0.031434 0.630000 0.130000 1.000000 1.000000
0.210000 0.790000 0.123241 0.468359 0.490115 0.147533 0.031857 0.630000 0.130000 1.000000 1.000000
0.220000 0.780000 0.123626 0.474256 0.496630 0.149391 0.032281 0.630000 0.130000 1.000000 1.000000
0.230000 0.770000 0.123992 0.480188 0.503144 0.151259 0.032704 0.630000 0.130000 1.000000 1.000000
0.240000 0.760000 0.124336 0.486155 0.509656 0.153139 0.033128 0.630000 0.130000 1.000000 1.000000
0.250000 0.750000 0.124659 0.492156 0.516165 0.155029 0.033551 0.630000 0.130000 1.000000 1.000000
0.260000 0.740000 0.124960 0.498186 0.522667 0.156929 0.033973 0.630000 0.130000 1.000000 1.000000
0.270000 0.730000 0.125238 0.504246 0.529166 0.158837 0.034396 0.630000 0.130000 1.000000 1.000000
0.280000 0.720000 0.125493 0.510334 0.535653 0.160755 0.034817 0.630000 0.130000 1.000000 1.000000
0.290000 0.710000 0.125723 0.516447 0.542133 0.162681 0.035239 0.630000 0.130000 1.000000 1.000000
0.300000 0.700000 0.125928 0.522586 0.548602 0.164615 0.035659 0.630000 0.130000 1.000000 1.000000
0.310000 0.690000 0.126107 0.528746 0.555060 0.166555 0.036079 0.630000 0.130000 1.000000 1.000000
0.320000 0.680000 0.126261 0.534927 0.561505 0.168502 0.036498 0.630000 0.130000 1.000000 1.000000
0.330000 0.670000 0.126387 0.541127 0.567934 0.170455 0.036916 0.630000 0.130000 1.000000 1.000000
0.340000 0.660000 0.126486 0.547343 0.574349 0.172413 0.037333 0.630000 0.130000 1.000000 1.000000
0.350000 0.650000 0.126557 0.553576 0.580746 0.174376 0.037748 0.630000 0.130000 1.000000 1.000000
0.360000 0.640000 0.126599 0.559821 0.587127 0.176344 0.038163 0.630000 0.130000 1.000000 1.000000
0.370000 0.630000 0.126612 0.566079 0.593487 0.178315 0.038577 0.630000 0.130000 1.000000 1.000000
0.380000 0.620000 0.126595 0.572347 0.599827 0.180289 0.038989 0.630000 0.130000 1.000000 1.000000
0.390000 0.610000 0.126548 0.578621 0.606145 0.182266 0.039399 0.630000 0.130000 1.000000 1.000000
0.400000 0.600000 0.126470 0.584904 0.612440 0.184245 0.039809 0.630000 0.130000 1.000000 1.000000
0.410000 0.590000 0.126361 0.591191 0.618712 0.186225 0.040216 0.630000 0.130000 1.000000 1.000000
0.420000 0.580000 0.126221 0.597480 0.624959 0.188206 0.040622 0.630000 0.130000 1.000000 1.000000
0.430000 0.570000 0.126048 0.603770 0.631180 0.190188 0.041027 0.630000 0.130000 1.000000 1.000000
0.440000 0.560000 0.125844 0.610062 0.637374 0.192169 0.041429 0.630000 0.130000 1.000000 1.000000
0.450000 0.550000 0.125606 0.616350 0.643540 0.194150 0.041830 0.630000 0.130000 1.000000 1.000000
0.460000 0.540000 0.125336 0.622635 0.649678 0.196130 0.042229 0.630000 0.130000 1.000000 1.000000
0.470000 0.530000 0.125032 0.628915 0.655787 0.198108 0.042626 0.630000 0.130000 1.000000 1.000000
0.480000 0.520000 0.124694 0.635187 0.661864 0.200084 0.043021 0.630000 0.130000 1.000000 1.000000
0.490000 0.510000 0.124322 0.641453 0.667911 0.202058 0.043414 0.630000 0.130000 1.000000 1.000000
0.500000 0.500000 0.123917 0.647708 0.673927 0.204028 0.043805 0.630000 0.130000 1.000000 1.000000
0.510000 0.490000 0.123477 0.653952 0.679910 0.205995 0.044194 0.630000 0.130000 1.000000 1.000000
0.520000 0.480000 0.123002 0.660185 0.685859 0.207958 0.044581 0.630000 0.130000 1.000000 1.000000
0.530000 0.470000 0.122493 0.666402 0.691775 0.209917 0.044965 0.630000 0.130000 1.000000 1.000000
0.540000 0.460000 0.121948 0.672605 0.697658 0.211871 0.045348 0.630000 0.130000 1.000000 1.000000
0.550000 0.450000 0.121369 0.678793 0.703505 0.213820 0.045728 0.630000 0.130000 1.000000 1.000000
0.560000 0.440000 0.120755 0.684962 0.709317 0.215763 0.046106 0.630000 0.130000 1.000000 1.000000
0.570000 0.430000 0.120105 0.691113 0.715092 0.217701 0.046481 0.630000 0.130000 1.000000 1.000000
0.580000 0.420000 0.119421 0.697245 0.720833 0.219632 0.046854 0.630000 0.130000 1.000000 1.000000
0.590000 0.410000 0.118701 0.703356 0.726537 0.221557 0.047225 0.630000 0.130000 1.000000 1.000000
0.600000 0.400000 0.117946 0.709445 0.732204 0.223475 0.047593 0.630000 0.130000 1.000000 1.000000
0.610000 0.390000 0.117156 0.715511 0.737833 0.225386 0.047959 0.630000 0.130000 1.000000 1.000000
0.620000 0.380000 0.116330 0.721553 0.743426 0.227289 0.048323 0.630000 0.130000 1.000000 1.000000
0.630000 0.370000 0.115469 0.727572 0.748982 0.229185 0.048684 0.630000 0.130000 1.000000 1.000000
0.640000 0.360000 0.114573 0.733565 0.754499 0.231073 0.049042 0.630000 0.130000 1.000000 1.000000
0.650000 0.350000 0.113642 0.739532 0.759979 0.232952 0.049399 0.630000 0.130000 1.000000 1.000000
0.660000 0.340000 0.112676 0.745471 0.765420 0.234823 0.049752 0.630000 0.130000 1.000000 1.000000
0.670000 0.330000 0.111676 0.751382 0.770824 0.236685 0.050104 0.630000 0.130000 1.000000 1.000000
0.680000 0.320000 0.110640 0.757264 0.776188 0.238538 0.050452 0.630000 0.130000 1.000000 1.000000
0.690000 0.310000 0.109570 0.763119 0.781515 0.240383 0.050798 0.630000 0.130000 1.000000 1.000000
0.700000 0.300000 0.108465 0.768944 0.786803 0.242217 0.051142 0.630000 0.130000 1.000000 1.000000
0.710000 0.290000 0.107326 0.774738 0.792053 0.244042 0.051483 0.630000 0.130000 1.000000 1.000000
0.720000 0.280000 0.106152 0.780502 0.797265 0.245858 0.051822 0.630000 0.130000 1.000000 1.000000
0.730000 0.270000 0.104945 0.786236 0.802438 0.247664 0.052159 0.630000 0.130000 1.000000 1.000000
0.740000 0.260000 0.103704 0.791936 0.807573 0.249460 0.052492 0.630000 0.130000 1.000000 1.000000
0.750000 0.250000 0.102429 0.797603 0.812670 0.251245 0.052824 0.630000 0.130000 1.000000 1.000000
0.760000 0.240000 0.101121 0.803237 0.817729 0.253020 0.053152 0.630000 0.130000 1.000000 1.000000
0.770000 0.230000 0.099779 0.808841 0.822750 0.254785 0.053479 0.630000 0.130000 1.000000 1.000000
0.780000 0.220000 0.098405 0.814410 0.827733 0.256539 0.053803 0.630000 0.130000 1.000000 1.000000
0.790000 0.210000 0.096997 0.819946 0.832677 0.258283 0.054124 0.630000 0.130000 1.000000 1.000000
0.800000 0.200000 0.095558 0.825449 0.837585 0.260016 0.054443 0.630000 0.130000 1.000000 1.000000
0.810000 0.190000 0.094085 0.830913 0.842455 0.261738 0.054760 0.630000 0.130000 1.000000 1.000000
0.820000 0.180000 0.092581 0.836348 0.847288 0.263450 0.055074 0.630000 0.130000 1.000000 1.000000
0.830000 0.170000 0.091045 0.841746 0.852083 0.265150 0.055385 0.630000 0.130000 1.000000 1.000000
0.840000 0.160000 0.089478 0.847106 0.856842 0.266838 0.055695 0.630000 0.130000 1.000000 1.000000
0.850000 0.150000 0.087879 0.852439 0.861564 0.268518 0.056002 0.630000 0.130000 1.000000 1.000000
0.860000 0.140000 0.086249 0.857733 0.866250 0.270186 0.056306 0.630000 0.130000 1.000000 1.000000
0.870000 0.130000 0.084589 0.862985 0.870899 0.271840 0.056608 0.630000 0.130000 1.000000 1.000000
0.880000 0.120000 0.082898 0.868208 0.875512 0.273486 0.056908 0.630000 0.130000 1.000000 1.000000
0.890000 0.110000 0.081176 0.873393 0.880090 0.275119 0.057206 0.630000 0.130000 1.000000 1.000000
0.900000 0.100000 0.079425 0.878547 0.884632 0.276742 0.057501 0.630000 0.130000 1.000000 1.000000
0.910000 0.090000 0.077644 0.883662 0.889138 0.278353 0.057794 0.630000 0.130000 1.000000 1.000000
0.920000 0.080000 0.075834 0.888744 0.893610 0.279954 0.058085 0.630000 0.130000 1.000000 1.000000
0.930000 0.070000 0.073995 0.893794 0.898047 0.281545 0.058373 0.630000 0.130000 1.000000 1.000000
0.940000 0.060000 0.072127 0.898794 0.902449 0.283120 0.058659 0.630000 0.130000 1.000000 1.000000
0.950000 0.050000 0.070230 0.903772 0.906817 0.284688 0.058943 0.630000 0.130000 1.000000 1.000000
0.960000 0.040000 0.068306 0.908711 0.911151 0.286244 0.059225 0.630000 0.130000 1.000000 1.000000
0.970000 0.030000 0.066353 0.913602 0.915451 0.287785 0.059504 0.630000 0.130000 1.000000 1.000000
0.980000 0.020000 0.064372 0.918471 0.919718 0.289318 0.059782 0.630000 0.130000 1.000000 1.000000
0.990000 0.010000 0.062365 0.923341 0.923951 0.290852 0.060057 0.630000 0.130000 1.000000 1.000000
1.000000 0.000000 nan nan 0.928152 nan 0.060330 0.630000 0.130000 1.000000 1.000000
