0.000000000000000000e+00 3.548648648648647930e-01 7.272000000000000686e-01
1.000000000000000021e-02 3.579400756586642030e-01 7.294144590664107808e-01
2.000000000000000042e-02 3.610518806702741057e-01 7.316315238201605009e-01
2.999999999999999889e-02 3.642001994648789154e-01 7.338509510419289894e-01
4.000000000000000083e-02 3.673849106042691992e-01 7.360724931239193136e-01
5.000000000000000278e-02 3.706058503445375796e-01 7.382958983837879519e-01
5.999999999999999778e-02 3.738628114660266788e-01 7.405209114036190865e-01
7.000000000000000666e-02 3.771555422508028332e-01 7.427472733926802073e-01
8.000000000000000167e-02 3.804837456221354941e-01 7.449747225723539756e-01
8.999999999999999667e-02 3.838470784593842611e-01 7.472029945813357665e-01
1.000000000000000056e-01 3.872451511003671687e-01 7.494318228988785524e-01
1.100000000000000006e-01 3.906775270416876222e-01 7.516609392835912340e-01
1.199999999999999956e-01 3.941437228456782238e-01 7.538900742250429499e-01
1.300000000000000044e-01 3.976432082605935170e-01 7.561189574052128437e-01
1.400000000000000133e-01 4.011754065584891560e-01 7.583473181666451346e-01
1.499999999999999944e-01 4.047396950929055270e-01 7.605748859840526510e-01
1.600000000000000033e-01 4.083354060760740478e-01 7.628013909360272793e-01
1.700000000000000122e-01 4.119618275729297063e-01 7.650265641735014555e-01
1.799999999999999933e-01 4.156182047068062713e-01 7.672501383816296983e-01
1.900000000000000022e-01 4.193037410693418732e-01 7.694718482318541053e-01
2.000000000000000111e-01 4.230176003249081496e-01 7.716914308210534035e-01
2.099999999999999922e-01 4.267589079978100775e-01 7.739086260948618845e-01
2.200000000000000011e-01 4.305267534286556508e-01 7.761231772524812556e-01
2.300000000000000100e-01 4.343201918846744669e-01 7.783348311305742229e-01
2.399999999999999911e-01 4.381382468074143666e-01 7.805433385641326050e-01
2.500000000000000000e-01 4.419799121801749053e-01 7.827484547225390665e-01
2.600000000000000089e-01 4.458441549967623319e-01 7.849499394193761859e-01
2.700000000000000178e-01 4.497299178126672459e-01 7.871475573948915061e-01
2.800000000000000266e-01 4.536361213595772046e-01 7.893410785703728338e-01
2.899999999999999800e-01 4.575616672042213673e-01 7.915302782740255561e-01
2.999999999999999889e-01 4.615054404328888249e-01 7.937149374382757028e-01
3.099999999999999978e-01 4.654663123435444083e-01 7.958948427687254634e-01
3.200000000000000067e-01 4.694431431282487521e-01 7.980697868852683063e-01
3.300000000000000155e-01 4.734347845295606705e-01 8.002395684361325312e-01
3.400000000000000244e-01 4.774400824557060163e-01 8.024039921858324709e-01
3.500000000000000333e-01 4.814578795405278222e-01 8.045628690782063996e-01
3.599999999999999867e-01 4.854870176355402522e-01 8.067160162758699737e-01
3.699999999999999956e-01 4.895263402227713612e-01 8.088632571775444813e-01
3.800000000000000044e-01 4.935746947384734296e-01 8.110044214147964503e-01
3.900000000000000133e-01 4.976309347991639265e-01 8.131393448298032123e-01
4.000000000000000222e-01 5.016939223228377154e-01 8.152678694357763378e-01
4.100000000000000311e-01 5.057625295395142828e-01 8.173898433616894055e-01
4.199999999999999845e-01 5.098356408865639677e-01 8.195051207829406881e-01
4.299999999999999933e-01 5.139121547854617056e-01 8.216135618395392637e-01
4.400000000000000022e-01 5.179909852977460094e-01 8.237150325433583165e-01
4.500000000000000111e-01 5.220710636590064624e-01 8.258094046759298923e-01
4.600000000000000200e-01 5.261513396906811746e-01 8.278965556781788804e-01
4.700000000000000289e-01 5.302307830903087993e-01 8.299763685334082819e-01
4.799999999999999822e-01 5.343083846016541960e-01 8.320487316447635617e-01
4.899999999999999911e-01 5.383831570668150546e-01 8.341135387083021824e-01
5.000000000000000000e-01 5.424541363630088764e-01 8.361706885827050462e-01
5.100000000000000089e-01 5.465203822272595158e-01 8.382200851565737576e-01
5.200000000000000178e-01 5.505809789726324732e-01 8.402616372141575862e-01
5.300000000000000266e-01 5.546350361000302875e-01 8.422952583002748517e-01
5.400000000000000355e-01 5.586816888098521394e-01 8.443208665850957528e-01
5.500000000000000444e-01 5.627200984180461552e-01 8.463383847293823870e-01
5.600000000000000533e-01 5.667494526812553168e-01 8.483477397507003248e-01
5.700000000000000622e-01 5.707689660358717942e-01 8.503488628910432778e-01
5.799999999999999600e-01 5.747778797558876773e-01 8.523416894862542170e-01
5.899999999999999689e-01 5.787754620344525147e-01 8.543261588375512527e-01
5.999999999999999778e-01 5.827610079940416243e-01 8.563022140854346098e-01
6.099999999999999867e-01 5.867338396300948444e-01 8.582698020861769805e-01
6.199999999999999956e-01 5.906933056929125625e-01 8.602288732910725599e-01
6.300000000000000044e-01 5.946387815125011578e-01 8.621793816285739931e-01
6.400000000000000133e-01 5.985696687709469721e-01 8.641212843894100493e-01
6.500000000000000222e-01 6.024853952267542612e-01 8.660545421147536338e-01
6.600000000000000311e-01 6.063854143954450215e-01 8.679791184874718901e-01
6.700000000000000400e-01 6.102692051905534987e-01 8.698949802264780429e-01
6.800000000000000488e-01 6.141362715289782059e-01 8.718020969841789869e-01
6.900000000000000577e-01 6.179861419044849757e-01 8.737004412469954184e-01
7.000000000000000666e-01 6.218183689329673802e-01 8.755899882389236444e-01
7.099999999999999645e-01 6.256325288728953327e-01 8.774707158280855568e-01
7.199999999999999734e-01 6.294282211241926106e-01 8.793426044362175897e-01
7.299999999999999822e-01 6.332050677086059620e-01 8.812056369510309350e-01
7.399999999999999911e-01 6.369627127344430484e-01 8.830597986413704081e-01
7.500000000000000000e-01 6.407008218483771778e-01 8.849050770751060169e-01
7.600000000000000089e-01 6.444190816768418095e-01 8.867414620396710800e-01
7.700000000000000178e-01 6.481171992593648401e-01 8.885689454651738428e-01
7.800000000000000266e-01 6.517949014760248128e-01 8.903875213499976571e-01
7.900000000000000355e-01 6.554519344710518780e-01 8.921971856888114560e-01
8.000000000000000444e-01 6.590880630744356816e-01 8.939979364029078113e-01
8.100000000000000533e-01 6.627030702232556969e-01 8.957897732727899687e-01
8.200000000000000622e-01 6.662967563843057439e-01 8.975726978729291483e-01
8.300000000000000711e-01 6.698689389794423299e-01 8.993467135086121722e-01
8.399999999999999689e-01 6.734194518149636544e-01 9.011118251548079217e-01
8.499999999999999778e-01 6.769481445161926736e-01 9.028680393969776841e-01
8.599999999999999867e-01 6.804548819683265970e-01 9.046153643737562255e-01
8.699999999999999956e-01 6.839395437645027220e-01 9.063538097214398626e-01
8.800000000000000044e-01 6.874020236619224899e-01 9.080833865202102562e-01
8.900000000000000133e-01 6.908422290467828297e-01 9.098041072420347541e-01
9.000000000000000222e-01 6.942600804086666022e-01 9.115159857001766675e-01
9.100000000000000311e-01 6.976555108249614667e-01 9.132190370002633006e-01
9.200000000000000400e-01 7.010284654557951134e-01 9.149132774928510070e-01
9.300000000000000488e-01 7.043789010498984204e-01 9.165987247274334226e-01
9.400000000000000577e-01 7.077067854617437037e-01 9.182753974078435855e-01
9.500000000000000666e-01 7.110120971802357248e-01 9.199433153490003123e-01
9.599999999999999645e-01 7.142948248691779467e-01 9.216024994349494293e-01
9.699999999999999734e-01 7.175549669196797931e-01 9.232529715781587765e-01
9.799999999999999822e-01 7.207925310146247044e-01 9.248947546800198038e-01
9.899999999999999911e-01 7.240075337052687132e-01 9.265278725925188974e-01
1.000000000000000000e+00 7.271999999999998465e-01 9.281523500810373584e-01
